22452.6
1087.88
6293.07
16979.2
19365.3
10638.4
22584.7
1227.45
1243.38
4727.97
1131.29
18186.5
22673.4
3420.11
5552.14
4941.29
2580.38
22726
22293.2
19236.7
16328.8
19927.6
7177.82
586.238
346.364
25.3051
2032
11317
25164.6
20715.7
3840.81
23713.1
22137.9
3875.07
2163.29
1136.26
1851.88
11823.3
3573.48
250.56
17043.7
17753
20868.7
17168.9
20197.6
266.781
4604.53
7494.01
18951.4
9866.76
1897.46
16446.4
12930.6
2384.5
278.159
63.4767
1601.49
14989.7
16480.4
18975.5
1958.14
26743.7
34772.5
131.695
175.682
304.178
20594.2
124.404
17.419
1621.15
14876.1
132.529
126.484
111.122
140.287
249.167
3877.58
18075.4
17941.1
20.4351
17021.8
21638.1
23047.1
22631.1
15992.3
21159.8
16854.1
19113
10991.7
3259.66
38604.9
22058.5
17589
21092.6
3033.61
485.235
25.7663
20443.5
5061.48
532.63
16767
22767.9
130.76
39419.4
10083.7
2169.92
22894.3
18261.2
17342.9
16142.2
17627.1
19579.5
410.592
3736.51
23152.6
5392.86
1401.35
20337.3
22152
22475.5
19971.9
15938
21899
3495.93
16851.1
16862.7
3659.26
1033.09
21026
23372
1779.76
16586.1
17284.3
21609
17036.4
15667
19337.6
11102.2
182.748
103.726
16531.6
656.945
27372.4
18554.3
17081.6
19098.4
10467
4903.52
13582.2
4642.77
2963.76
2720.07
46985.5
18322
18812.5
122.276
2709.92
23472.1
19594.1
7671.15
1141.16
779.049
4460.79
1194.24
3731.62
23199.4
4388.83
7783.95
16690.5
22929.2
11208
647.786
11321.9
3317.12
16983.9
18348.8
9162.96
1607.37
41841.8
21138.8
2696.69
17207.6
30469.9
17327.4
19750.8
8779.89
212.765
20.1527
22259.4
22001.2
16297.6
11284.5
6319.48
18414.5
1527.74
19950.4
18313.9
17152
20716
15831.4
1252.32
20076.4
16328.7
16342.7
17688.8
20552.4
17142.9
19685.5
8638.4
19.3149
145.279
16232.5
17933.7
21420.2
584.787
620.13
3979.17
3344.55
15052.2
16708.6
18298.2
18553.9
711.538
1801.79
892.077
23559.5
4975.9
4377.87
2597.16
3052.97
28.4081
21.3354
31.2317
122.312
28.1281
48.9137
39.4958
35.1896
24.6446
