3556.38
2866.45
2748.03
3589.01
17759.9
16716.1
17639.4
4964.92
1593.07
3372.23
35598.7
16940.2
3312.78
7374.48
21363.1
904.226
59.6922
4756.46
3893.72
16117
16734.5
20424.1
6680.24
2697.42
4165.33
830.564
48297.1
8182.35
46595
20647
4189.5
20442
18549.1
17128.9
3272.66
7124.02
8578.44
42504.7
3557.9
1214.26
2431.65
23846.4
17811
21116
20990.6
142.239
1329.04
19238.9
4398.03
4181.9
3205.33
4516.71
1036.25
2642.19
1280.2
41789.3
3173.75
6298.54
16947
16708.6
15264.6
43.9031
3838.37
24710.3
16499.6
17448.9
20893.1
4081.27
1708.6
19590.1
18823.3
16000.3
12877.9
16134.8
1567.73
3760.39
22011.4
0.735856
802.465
17207.7
1236.49
1078.27
20214.7
5668.96
2063.98
38685
20764.5
17368.2
16704.7
15.6583
15429.1
19658.3
6640.12
1384.74
16836
16367.4
2151.85
17671.1
1057.7
14713.8
46460.2
17570.8
16611.6
17061.4
7144.46
17033.5
1362.75
934.619
16799.8
19625.4
5901.41
886.678
418.061
17321.3
1977.89
1944.76
17413.7
16920.1
20924.7
3381.21
14985.3
5815.71
16719.6
18229.8
17674.6
5337.02
17953.1
16854.3
22.2344
39.4982
47.1132
20095.5
8351.21
18805.8
18874.1
327.519
301.498
208.035
80.854
108.829
77.883
74.4816
86.6356
94.2588
69.5644
101.221
226.185
91.9233
119.909
91.6154
114.657
123.519
89.4722
72.9978
3879.48
3221.92
238.442
680.665
133.429
6581.27
20352.5
1011.32
9464.26
2937.83
13.4699
275.741
18436.3
217.795
16777.4
16219.7
850.558
337.819
16010.9
476.643
19497.8
45285.9
19039.4
12194.2
1297.18
1220.15
16032.2
17357
