21139.2
2067.82
128.216
132.483
41.0934
18366.7
18447.2
19805
9247.86
17383.7
21172.5
2198.98
17373.2
105.216
90.3191
16.9251
47.7321
4025.9
439.402
249.193
19484.7
11858.5
165.949
146.592
21372.9
1743.11
608.02
17347
21149.2
3200.13
18808
10985
18840.5
13775.5
20389.3
20363.5
7801.71
9355.37
20545.3
19745.8
7897.69
260.462
20090.1
7000.81
19347.6
16344.7
59.8955
10347.3
20758.9
3757.87
330.639
20015.3
8658.96
19259.1
12991.2
13136.1
20306
5873.46
410.601
49.779
18709.3
12799.3
304.884
17787.5
18349
18322.2
17829.6
20168.9
8561.91
19332.1
9544.46
186.641
19003.3
13232.3
21618.8
1162.46
18637.4
19470.6
10201.8
19700.8
8550.85
15510.1
9954.88
2816.06
18481
20.8687
18758.2
16607
155.959
19254.1
20429.5
5987.74
9606.44
1217.89
11648.6
10339.8
18389.9
18771.9
15092.8
6657.73
596.621
19770.2
7598.55
741.169
19591.8
6841.49
1228.07
19303.9
10027.8
729.016
18500
19689.9
8975.3
18616.5
108.042
37.1866
20236.7
189.35
19902.2
7719.08
782.77
19162.1
11600
17415.5
5887.81
769.494
21368.4
491.308
19870.8
9859.93
15241.3
19286.4
9496.73
72.1789
435.566
16.0388
71.7779
18421.4
13210.4
993.957
19852.1
7620.58
194.299
52.9061
17585.8
20897.3
3552.5
20745.3
4916.87
18853.7
17765.4
18581
18716.7
12266.1
11199.7
92.5293
140.414
19282.1
19444.8
10412.7
17249.2
17369.8
363.655
20982.8
3621.11
13049.2
21141.5
1691.6
595.383
18760.7
16197.9
19652.1
8969.14
543.039
17702.4
12674.5
1093.16
16970.6
19412.2
7274.06
799.983
342.397
37.7307
19170.9
9817.62
16864.3
20422.7
6040.54
757.103
20719.2
4040.4
8305.55
983.784
36.4682
17.3844
25.6527
36.7025
49.7119
20256.4
4289.02
391.35
107.516
35.8668
18065.1
18935.8
17859.2
18739.3
20831.2
4397.76
18595.8
14544.8
18838.9
20804.5
289.8
21124.9
3274.47
19088.4
12668.8
18908.7
12984.7
224.717
35.5747
18315.7
111.684
38.3921
128.097
20131.3
6210.53
145.395
16919.8
20979.8
2423.35
166.539
78.9469
49.5514
20043.1
8756.79
4.1447
30.2974
2.32042
17.996
53.4842
4783.93
19229.1
10641.9
1389.94
11246
19895.5
8203.04
238.606
9.55648
18230.1
20660.5
19662.7
10865.9
22.579
19941.5
8804.69
746.981
20252.2
43.9352
48.6677
49.4526
19404.4
18526.3
16705.6
966.297
566.937
172.054
25.6292
18189.2
14942.8
1041.44
573.074
327.475
12943.5
2072.82
1314.83
213.276
21353
16860.6
18101.1
17478
16967.2
19228.6
9417.03
1329.03
131.786
18405.8
12271.7
2996.83
21589.8
2068.68
20421.4
4062.26
158.58
52.0121
18.9733
13214.2
1710.25
3.9752
1.68172
93.8399
18831.6
10923.6
812.759
17940
20288.1
6782.68
18259.7
14136.8
1389
27.9331
10.4519
47.8183
43.4643
19296.3
8915.65
20428.1
6644.13
18694.5
13859.2
13857.2
10250.4
456.993
544.224
18667.6
4518.66
15255.8
21090.2
97.914
31.892
52.956
56.3857
18885
169.994
17433.1
21375.5
2056.49
19895.6
8551.69
444.985
20645.8
490.758
10425.8
239.145
246.651
104.964
21382.5
18509.5
19032.5
17982.1
7135.46
20816.9
31.5734
19551.6
66.5597
19.7243
21971.7
19617.8
9874.8
10193.1
1589.88
8503.23
20655.1
4454.13
579.102
16564.8
20197.7
6296.26
17222.4
19738.7
8791.26
16833.6
16215.4
28.6561
55.0678
18.0935
21698
1097.61
18927.6
17838.8
19620.8
10071.5
10080.6
10405.1
1056.27
20.9649
18655.2
13346.3
18328.1
18592.1
20498.3
5813.26
20238.8
6198.75
21861.7
274.24
50.8356
58.5641
14146.6
1030.52
20043.4
19712.9
9328.4
1220.07
73.6753
54.217
8854.24
17.9614
33.7927
1.66634
39.8518
41.4148
19904.7
5688.8
1118.95
2361.53
172.362
12841
1588.53
14323.6
20699.3
5345.18
709.668
17662
20056.8
491.079
19812.1
7255.53
18991.6
12040.1
14473.7
21068.5
3163.32
20942.1
4145.31
5161.71
16279.9
20001.4
8982.28
16567.8
12757.6
18069.9
14713.4
17737
131.3
48.8463
18556.7
14012
654.602
18076.7
10638.8
17986.2
17066.2
20287.1
5118.87
309.022
290.302
20221.2
5912.44
34.7033
176.784
19994.4
7942.9
184.893
6.28876
17.5788
58.8825
17.1731
21488
1742.96
19842.9
9968
21755.8
185.416
311.858
18267.8
524.062
18988.4
12796.5
889.955
19501
10855.1
462.042
52.3162
19203.2
181.426
21.7413
57.8996
41.2369
17723.1
1556.62
355.005
8322.45
63.844
17501.9
16789.8
16104
18147.3
25.4974
14460.4
11500.9
16492.1
20246.8
57.0172
12181.9
18635.7
12273
467.168
11.1006
118.301
11.1101
18107.1
16368.5
258.705
19371.1
244.125
16172
17804.4
18389.1
18071.2
29.0711
202.388
20099.4
18646.7
18992.9
19980.5
6475.53
16.3453
135.947
17509.3
293.965
12507.1
15636.5
5129.39
566.343
20761.3
2630.81
6862.29
17135.8
18.6263
6685.54
4012.35
19595.6
8265.94
18863.6
13477.6
404.43
24.1916
5086.01
39.6641
17627.2
2120.99
13882.4
21295.4
492.574
233.493
17.1359
19070.8
9475.16
363.866
7422.23
19694.6
8056.05
18246.8
13375.4
1413.27
113.983
0.0391361
87.1407
16392.6
19093.4
17604.9
19628.7
10697.6
80.2027
45.8501
4625.32
3166.88
625.858
239.661
17947.3
21482.1
1797.86
19841.6
4871.66
1153.87
7.10835
20.4346
49.908
3611.54
1527.83
15152.2
19597.1
9867.92
19609
10174.9
10.7658
5311.69
10871.2
2622.86
19323.7
20419.3
4100.82
884.873
300.473
19629.9
9513.48
21645.4
531.75
18512.3
14686.7
327.873
17569.2
21681.7
20529.3
4794.21
20241.3
18086.3
20981.1
18269.6
13813.6
21794.8
458.2
19372.6
97.1609
73.764
12.4857
18179.6
17727.7
24.6798
107.997
43.299
10703.1
21090.2
3070.94
20463.8
4549.14
202.657
120.378
32.2899
54.2952
19548.5
9635.96
18676.9
9357.8
131.44
20424.2
8529.56
12841.9
18183.2
18043.5
21074
1366.21
634.803
19025.2
16938.7
16297.4
20385.7
4450.76
19407.5
10961
20647.1
3723.04
589.872
147.046
19551.8
10263.8
423.571
19431.8
11828.7
445.271
19609
7457.67
14437
13334.4
16349.4
18221.4
18412.7
8059.87
871.98
21042.8
2354.49
20571.5
3468.27
1290.86
19703.8
9400.76
2474.22
19.3409
0.0681336
68.4397
9100.57
16411.8
17935.3
16601.4
79.927
32.1691
18154.6
20399
5861.96
19783.5
7116.49
278.405
0.0303378
90.6627
615.333
20427.8
6148.28
629.851
18180.4
19831.5
7086.8
51.2434
905.247
79.5213
51.1339
74.8304
19455.9
11009.3
19686.6
7762.42
277.108
98.9513
16937.5
21865.6
405.959
18694.7
14931.4
21161.6
16617.6
19439.6
10418
17681.5
1.56815
49.549
23.2341
18350.8
17015.9
18809.6
20226.5
4912.61
118.483
19628.6
9508.88
1081.31
141.414
11765.4
1576.76
14823.6
19346.9
12137
334.63
20840
4518.73
741.33
20178
7630.96
127.526
19789.9
10814.2
17320.4
142.74
6.36753
12.6993
60.1997
16618
48.9074
119.347
20521.2
5079.75
106.189
302.835
14418.4
19015.6
13193.9
248.042
32.8335
18713.7
13559.8
21.8022
18980.4
10553.8
21761.5
252.329
18026
17947.2
19905.1
9485.16
189.121
6.51636
22.4995
0.0259885
0.668121
0.0300308
1.96626
70.88
18891.6
11858.4
1782.54
6.79225
67.9864
18905.7
12252.7
315.361
16.871
46.0521
61.167
21529
2053.12
1765.54
17544.2
14858.5
20820.2
3248.51
304.21
52.5217
61.6968
20366
16642
11912.1
683.796
20589.8
175.612
57.2498
20157.1
8742.1
18177
19956.2
6840.21
1302.32
198.496
21440.3
2092.17
237.324
20554.4
5055.96
19481
10214.8
16410.2
15898.2
10243.3
2085.38
17110.9
21165.3
2230.76
48.2014
121.529
18577.1
16984.6
20316.4
8754.96
21609.5
565.456
18982.4
16511.9
21715.2
1112.59
5503.86
6619.48
288.667
256.963
21.045
18646.6
11318.8
1096.98
371.757
20664.7
3508.33
395.091
21220.3
1905.7
18497.2
20072.4
7352.48
122.209
167.152
10.347
33.0132
39.4741
43.3539
17161
18982.7
210.827
19986.6
7096.28
162.374
115.292
115.471
18.0934
21248.3
894.561
11374.2
19320.3
11812.7
19238.2
6270.29
510.974
19127.7
9403.54
534.829
259.553
511.049
10.9138
17994.5
17498
19867.2
21561.9
1876.93
172.036
54.2347
4969.24
407.545
138.694
20.6964
18204.9
20280
7182.03
49.2941
13892.2
18289.1
16091.2
212.365
10.5237
20621.4
4601.19
18750.7
14165.6
19960
9619.7
20379.9
5743.41
46.5896
20437.9
5184.54
21461.5
716.2
110.168
20269.8
6021.92
52.5357
56.1866
50.2401
20774.8
3732.55
20602.4
6970.22
18416.2
19358.6
20608.7
4379.96
19167.6
11500.9
95.3334
506.977
16994.3
20226.7
8394.17
16517.7
18952.9
15683.6
13480.8
21436.9
1095.28
335.351
25.0919
6654.82
251.29
18789.4
14947.5
12336.5
19707.6
10690.9
8076.84
1378.19
266.315
4.98011
33.5435
38.5398
17306.1
84.8455
33.6204
18029.4
20659.6
19813.6
35.4864
11074.7
992.644
19013.7
9831.29
94.0559
112.03
950.486
55.393
20179.8
7555.67
175.32
20763.7
17513
19936
18396.2
16922.3
8983.16
19527.3
9299.64
1548.64
108.705
27.0098
16804.2
19210.4
9994.08
21092.4
4100.27
17822.3
20258.5
6334.39
196.659
1.3634
149.725
20349.8
36.7795
20.0609
109.68
64.2555
19327.9
11794.7
589.642
47.4664
193.284
67.6403
19.3237
2510.94
382.373
28.1358
12732
338.991
10597.9
1095.34
21867.9
19533.3
11548.3
20099.6
7120.59
705.94
62.8177
18912.5
20919.7
3583.17
439.415
38.6811
14.3308
58.0084
17875.6
20146.3
4324.43
973.38
0.272527
0.00304264
65.4071
2846.3
13912.2
10953.9
117.008
183.965
54.1047
18894.3
15927.5
13066.3
19423.9
8530.46
915.21
32.3873
19224.9
11179.7
21901.9
283.723
39.2014
17073
0.268654
65.4323
7628.58
18769.8
17316.3
12703.1
1638.06
280.682
19178.6
16.8166
40.0424
64.0161
103.687
20056.8
6918.03
107.89
28.4253
61.144
19034.1
7308.27
197.172
512.631
13660.3
1805.14
15.2855
17429
9304.23
494.003
54.8552
34.4766
18464.7
11198.9
9199.5
17261
19980.3
5550.86
1781.72
458.795
0.773985
115.545
16820.8
19376.3
11362.8
1791.3
20425.7
5030.36
43.9065
119.94
18451.7
58.9364
20782.2
4285.39
17413.3
176.301
14030.5
21543.2
908.977
9.89387
63.2209
15515
20139.9
10403.7
19450.4
9324.33
908.645
99.9868
9617.43
19225.2
11700.4
11786
7365.81
18192
17480.9
17774.9
21937.2
653.343
21654.6
31.7164
19304.7
11558.6
20630.9
5476.96
20121.3
5532.7
141.09
3.8374
3.35166
100.99
4200.03
20927.4
2661.58
19342.2
8380.09
16905.3
18178
18964
13558.6
16130.6
17204.8
4264.26
18799.8
14041.2
21534.5
17676.4
39.155
8019.26
856.641
17914.4
20227.6
8062.36
393.983
297.987
54.5075
17248.1
18389.5
13866.5
382.577
174.179
6300.54
1223.53
18415.3
12511.2
21558
1261.68
9577.21
1928.65
50.3699
20000.8
7417.16
17572.5
10839.1
519.238
20933.5
2858.25
379.299
137.78
3998.3
142.422
9824.27
264.515
58.6952
20573.2
2500.27
252.843
217.49
24.1674
16100.8
17912.2
19778.9
57.3154
22001.9
52.015
10661.5
19460.1
9731.56
157.67
53.6538
16548.7
10216.9
19862.9
7447
7650.13
59.9548
20276.7
55.262
18815.2
11103.9
1542.94
17556.4
19721.1
18216.8
17050.4
105.477
29.9566
12925.1
13457.5
386.555
152.54
1407.24
20444.8
105.134
12172.5
1447.39
16537.5
11890.3
18104.7
17464.7
21595.8
55.5944
46.99
18139.9
15.4787
27.7538
125.678
34.8139
19496.1
7879.52
2168.88
21609.5
308.591
18035.5
19190.3
9942.99
559.664
13502.3
370.818
18367.4
18679.9
13967.5
476.753
21009.9
1754.12
27.3908
16700.1
14105.6
2888.74
21165.9
1843.95
17831.7
20820.4
3254.24
85.511
67.4997
35.9687
21055.5
1431.1
513.473
14826.7
10663.1
706.151
20561.9
18461
16663.7
12825.3
19182.2
10921.2
989.792
11.1203
17350.1
20223.7
6835.7
20818.7
3636.69
211.576
18956.4
14007.4
21337.6
2934.63
23.1049
18644.8
8507.2
222.858
455.072
19797.4
6557.17
1106.41
29.175
17765.5
19168.4
10205
18337
19934.9
7295.31
433.885
21356.7
2022.46
19091.3
21179.5
1279.44
99.505
110.953
21261.6
1177.49
40.1937
17868.4
10298.7
11707.9
19237.1
9000.51
732.967
97.61
104.502
21.8626
19538.2
9459.39
933.613
17344.2
16908.8
14438
19123.8
10565.3
20684.9
5747.67
1.94387
29.8466
2.28266
83.0677
20697.9
3259.13
34.4497
3.75741
52.2624
10.2905
64.2512
17985.9
15288.6
10443.8
399.369
17650.1
18927.9
307.056
9592.93
11361.2
19271.3
17941.2
10777.8
18133.6
17944.3
25.1866
17927.5
16923.7
20045.1
8514.94
788.927
364.861
17216.6
21053.1
2835.48
15808.2
2377.59
20142.4
6642.62
975.824
20420.7
149.971
21351.9
2213.87
201.12
13011.9
10335.8
61.7601
289.156
19914
8096.74
168.228
10143.2
20244.4
19801.1
8360.22
18592.1
19938.5
7897.61
17745.1
18999.1
11480.9
1359.24
20051
8541.18
11029.5
3300.37
20397.3
5844.64
383.243
1936.92
160.906
19698.4
6775.55
865.911
27.3471
56.114
21028.8
2297.9
14276
1678.59
18808.4
18544.1
17693.2
2660.83
996.037
124.383
18828.2
20484.1
3855.51
9358.71
1036.08
16.445
20322.9
17921.8
17696.3
20656.3
3527.1
571.675
15156.7
13798.3
742.493
84.4055
114.457
6413.14
288.817
8099.66
20030.9
6525.92
17469.3
6128.57
740.499
13706.1
1464.11
11527.3
508.743
22.0998
18949.4
10146.8
3447.02
253.819
21035.5
193.984
20435.7
5940.64
20620.3
3260.11
752.614
95.3495
232.801
19819.2
17713.5
19008.4
0.803743
239.784
14752
21744.6
1336.93
21259.8
18.0261
37.4581
130.534
21008
19154.5
258.781
20478.1
6813.15
108.748
16907.4
21546.3
1259.71
17825
18916.5
169.668
89.4107
5651.99
21805.8
22.9033
78.1934
19172.4
12298.2
1680.55
20813.6
25.576
78.6097
97.6782
17275.6
19904.7
9409.34
19615.6
17804.3
10653.7
1407.29
1148.44
21191.5
1205.8
1499.9
14011.2
417.869
162.622
10037.8
34.6572
16192.4
20797.1
4926.15
333.848
32.2568
3290.02
19383
10448.8
1375.42
9.02774
21107.3
3282.71
4547.28
19818.6
9166.03
104
20984.4
4501.64
18470.1
13334.9
827.854
24.2928
11.6931
62.6416
20236.3
240.007
67.0707
19552.2
10484.5
20513.8
5600.6
17169.7
16761.4
34.8006
20020.8
8139.08
21548.1
815.446
84.1397
61.9167
11011.1
2813.51
32.8493
134.284
5541.4
1412.5
18193.5
20636.9
46.0888
16907.4
20650.1
3352.54
327.501
11168.7
18721.6
19939.5
7480.67
20522.8
5307.02
58.4063
16803.5
4687.08
16855.9
19670.2
6424.35
1643.34
18938.9
20331
5063.67
783.281
17941.6
114.683
21533.5
20788.7
2221.5
410.899
18541.7
19314.9
10459.5
1608.4
441.359
4365.8
778.404
21499.2
20235.4
4901.9
1901.26
18131.5
28.6871
18810.2
11649.7
187.075
105.115
65.6779
55.2363
20083.8
5999.71
11751.3
19780
10479.8
239.127
212.011
63.3055
20306.4
219.121
18914
11879.3
177.981
141.673
130.156
20193.1
235.639
0.00511342
85.0434
19684.3
8403
16047.9
52.1811
156.774
75.1268
18064.7
17333.9
416.692
14.2514
21002.3
20034.1
5644.64
67.0232
179.653
2.87187
62.8672
19338
8633.5
232.577
23.5646
4.64589
76.2416
19344.2
11220.9
5058.9
792.828
20231.5
6147.23
6931.43
18056.9
18098.4
33.5427
19178.1
10854.4
25.1238
19083.2
11650.2
553.631
132.561
20636.9
4661.52
387.318
31.2051
44.6935
19651.7
9260.19
950.539
190.443
8718
19297.3
11332.5
575.053
6411.32
18263.3
16991.2
340.36
31.7042
18530.4
12559
2929.46
359.569
20522.1
4514.22
1582.77
120.533
18565
13768.3
389.793
69.6225
2483.58
203.742
67.6459
65.5933
119.906
44.6332
20465.7
5872.73
15330.5
18951.9
17781.5
20508.4
4187.15
520.928
354.798
54.7326
59.9951
43.4494
113.397
12011.6
9375.87
550.909
20755.1
18311.2
13622.5
19072.6
13096.2
9160.37
561.829
1.797
28.98
68.7362
80.1041
21655.1
57.3808
37.7392
176.461
20843.6
18518.5
10454.9
128.947
12008.1
86.7036
21237.8
4185.17
17524.7
17480.5
20870.8
2904.82
21715.2
14056.7
3590.94
10726.9
19352.7
13488.3
19384.9
10026.1
1637.54
10261.9
17412.7
19368.7
11226.3
17888.2
18481.5
18011.2
20296.6
17139.6
21375.7
1633.36
20180.9
6746.94
19416.4
10470.8
26.3108
19338.9
11265.8
18745.9
19381.1
68.2553
17939.4
18562.7
9882.88
477.012
24.19
17503.5
16685.9
20665.9
4831.39
20260.4
20788.9
3164.86
2699.04
19855.2
8363.07
14399.3
11941.8
257.015
33.4236
244.889
18969.4
18691.8
57.992
34.8849
11375.5
40.8632
10666.5
953.4
17963.2
19151.6
11923.5
19247.8
12113.5
249.62
181.242
18.477
84.495
21216.4
1616.95
740.614
19025.4
12367.1
19040.3
11144.3
18949.2
13046.4
1491.94
164.627
245.767
20174.4
7576.86
881.534
380.158
31.5835
11550.9
10689.5
968.36
435.24
21087.6
3342.82
9726.51
18002.4
20439.1
11380.5
1555.03
21401.3
980.427
17977.1
18689.4
194.52
18630.1
94.9842
79.7482
54.1712
18036.8
18439.6
20940.2
196.984
18452.9
24.6545
19498.5
11623.7
19052.9
20384.4
4081.26
790.757
13641.3
230.212
12929.5
103.497
419.033
12799.7
18653.5
20611
4821.47
19523.9
8137.91
1931.32
20628.6
4000.6
657.356
3893.34
20107.1
6117.65
20560.4
3999.17
1000.39
20482.3
4821.58
21264.3
2812.37
19725.2
48.0642
43.6157
21382.4
1845.86
314.976
16755.8
17572.2
20258.9
2732.53
892.571
17168.6
17081.7
19299.4
12988
21193.9
3245.89
224.254
1.29087
97.2879
18485.3
17260
55.4932
114.819
77.1188
16980
21387.1
17518.9
20723.2
2820.7
21549.4
461.975
28.6724
20218.1
6436.23
18867.4
11023.1
678.227
18725.1
8281.41
5415.45
19922.6
7797.89
498.097
16885.8
540.239
134.225
17922.8
7314.37
20480.8
6375.89
1343.8
34.1305
37.0597
15931.7
119.379
94.6436
12.04
12.7154
70.6818
81.7941
18840.6
17283.9
83.2901
6530.24
264.874
166.006
30.9262
16945.6
18282.4
20952.1
2504.03
381.752
17716.9
91.8102
18811.2
20829.4
16514.6
19942.8
8076.2
12629.1
20611.7
5475.44
20661.7
7101.87
8316.16
245.448
20855.4
2583.1
19627.6
8857.87
1041.59
166.698
19463.1
11364.6
72.3563
16522.3
15977.1
19049
13105.6
18386.4
85.965
0.149555
0.107004
21.5537
47.2681
16892.5
9315.12
2767.23
487.09
17586.2
21647
48.0752
21803.3
2363.52
21225.6
2288.45
298.505
13114.5
56.2285
17927.5
19155.7
15026
20080.1
183.553
19893.3
7807.86
145.024
68.2068
1.18949
8.51452
58.1571
7153.97
137.873
20061.2
7463.28
12.2138
20935.6
499.139
21443.8
690.834
6599.52
12899.5
9630.98
382.624
17481.7
17640.1
21386.3
847.857
5.04113
36.0726
35.6183
43.2223
20183.9
5267.19
26.7585
115.185
17588.8
15402
301.899
0.0873369
16.099
14.9787
2.38561
0.000279412
0.0996874
5.05897
63.3814
20247.9
7039.42
19674.3
8365.99
18265
20767.5
4576.03
18654.3
17240
12524.7
16512.4
16896
12.0656
64.0303
19939
8635.74
18146
15030.6
16439.5
17296
10812.1
18299.9
10463
2096.39
20904.8
3645.76
32.5925
19102.6
11743.1
16620.5
18207.1
14172.7
1101.33
17.1699
5.70835
110.196
20804.6
7590.5
15119.2
223.082
195.209
24.5693
17524.2
21569.9
1230.09
54.0694
7460.34
20086.4
20946.2
1429.18
1058.65
20266.5
5002.79
503.191
27.0957
17644.6
158.169
17352.9
18176
19974.5
5781.7
17734.6
18517.8
20856.1
3305.78
519.893
19943.4
84.579
9420.11
794.001
596.601
20941.7
4785.37
18565.6
19659.2
19961.3
9652.53
19586.1
8875.75
974.207
17737.2
19157.4
21392.7
269.569
20752.1
259.472
7476.34
18034.3
17981.7
20951.5
1894.94
17768.9
21548
11618.7
20004.7
9280.53
19122.4
11444.5
322.287
17016.6
9792.1
11261.5
58.9731
396.854
21285.4
1992.49
8047.42
1086.3
17130.3
153.461
2.69595
14.2643
7.74371
87.0912
12623.4
1033.14
66.94
19625.4
10885.5
1312.63
3753.2
361.011
80.9938
61.7047
20643.7
20190.7
6224.13
4020.5
21860.1
20023.9
5334.73
799.42
620.721
18229.1
17639.4
220.404
19188.6
13523.9
1153.31
15625.3
16831.4
19070.4
12283.9
5773.12
4168.2
7624.66
253.055
355.506
21221.2
2296.03
181.099
15622
371.037
11682.8
19271.3
21781.2
115.448
147.217
17270.4
19080
12023.2
18103.1
20117.9
52.1073
20909.7
5709.03
44.2683
4016.25
17652.1
19052.2
12463.8
13763.4
862.655
1.70908
36.8992
52.0621
45.4746
19704.7
6061.67
1202.2
20048.3
9550.81
6453.39
21066.7
2278.25
291.856
415.698
19252.9
10311.2
1165.94
0.35082
0.165816
22.8715
47.0054
19814.2
11141.5
21458.8
1340.59
19046.2
10353.4
2398.48
466.36
8655.58
469.091
97.3374
179.249
11344.8
10097.3
1142.08
3550.66
1707.44
19937
10651.6
19786.3
8247.94
19782.8
13791.7
240.91
20609.4
3403.47
189.563
651.313
55.9034
73.2128
15.0124
16981.5
20596.3
3848.49
19001
16994.6
18841.2
13130.1
4749.21
258.437
51.1089
21328.3
1498.25
53.1755
9039.17
18207.3
21125.1
2940.91
12.6733
53.1181
18743.2
14447.1
286.74
19855
9782.62
11985.8
488.747
33.3954
17333.2
19160.8
11090.6
1111.24
64.439
9860.73
6344.32
793.269
13331.8
1471
16024.7
8161.72
1004.02
19623.8
8667.13
49.8479
148.976
14713.5
18353.5
17077.3
21135.5
1350.4
1.50837
105.976
20800
1803.9
781.073
42.675
19351.1
9232.56
1218.88
403.809
20894.1
4073.14
248.977
0.114659
29.0292
59.8814
20834.1
2330.01
163.623
16668.7
3351.68
20516.4
4167.47
21119.6
435.465
3875.22
197.496
64.424
40.5514
20277.7
2362.82
688.183
20691
294.93
19365.4
10916.8
20071.4
7549.49
19031.1
16738.5
17929.1
7362.57
6929.29
12628.9
9758.98
20353.4
4468.13
1507.89
11.3361
165.15
9151.48
8260.37
625.336
18141.7
21710.1
8474.96
82.2524
18898.8
14282.2
19659.3
11287.3
9173.09
641.307
13836.4
16612.3
21034.6
19365.9
9397.38
7978.88
608.954
17450.8
19094.7
11632.8
151.888
7033.18
312.178
3924.24
866.786
21597.9
945.924
17641.2
18249.9
52.5325
20137.5
7918.1
20410.4
5339.67
243.358
13.2451
17903
8252.66
926.617
20700
14384.6
19914.6
7841.93
121.172
400.797
17833.7
63.3893
0.00145864
10.4108
55.9407
5794.66
20718.3
10213.1
6533.73
20.0439
49.5446
20900.2
4674.57
3.49418
0.144646
75.3332
4707.73
21153.4
2576.6
17099.8
54.3787
9325.4
559.159
17708
21425.5
1989.3
19155
10651
18873.5
2616.72
274.051
87.4906
16252.2
12.8838
19971.6
8004.81
17983
17124.9
20697
11.3116
20509.6
7274.75
18389.1
18257.4
194.271
164.604
16545.9
14670.3
12358.7
471.3
159.185
18861.7
12833
557.599
21809.9
861.18
12648.9
17034.5
18376.2
18230.9
16874.6
19376.5
9807.27
1302.64
14432.8
1142.75
20340.8
6125.88
443.453
106.859
16053.3
7049.89
18076.2
19525.9
21631.4
1086.18
17234.5
63.6874
18552.6
18634.8
12268.7
20868.1
3644.69
631.31
19061.1
18406.3
8552.24
661.406
45.7192
20049.8
6854.75
215.245
266.456
8276.05
18822
15077.6
8.4555
59.059
13803.5
404.959
288.156
13423.5
1495.73
19832.3
9505.81
12037.6
11541
20625.6
3191.36
325.495
19102.2
14643.5
19779
7557.44
15970.5
232.683
17246.5
221.682
16816
18338.1
21213.3
272.905
60.9015
26.4273
20552.6
391.169
21613.8
22.9313
17647.3
21572.3
5679.84
17915.2
19480.4
20588.5
6046.43
18600.5
9933.05
525.725
21412.7
663.79
202.993
19340.2
19749.8
10190.9
440.491
19919.8
7458.5
93.6204
138.985
18996.7
2114.33
5415.25
20225
6070.64
49.4884
29.4129
49.9942
12868.7
9966.29
1085.1
15775.8
21008.7
16140.3
20872.6
2999.29
21186.3
2132.28
20464.4
5518.61
18647.3
19203.2
9883.78
1330.06
226.256
0.024519
0.201744
20.655
62.0345
18545.9
20543.9
4722.44
339.685
0.0155692
45.9966
30.6204
18966.9
18781.1
7601.92
18428.1
10216.7
250.383
213.061
87.5139
85.2444
20782.1
2217.53
170.669
17290.7
3212.09
10903.4
20980.3
12099.8
21319.9
3211.01
17337.9
16513.2
166.645
16080.9
18418.1
15988.7
20044.2
106.167
81.8059
18.5373
0.292036
18.7176
52.8436
18157
17739.4
8773.22
1537.33
21118.7
303.001
20645
3808.17
1318.02
57.6391
19033.5
13000.2
19690.2
8722.86
17781.1
21664.1
21408
1319.11
284.924
56.0618
4541.65
1160.14
55.0581
21515.5
1132.53
19113.8
10642.4
268.719
386.094
20294.2
6482.16
7169.79
260.153
19330.8
6270.89
623.533
39.0316
0.525365
87.8211
21012.7
2671.67
691.299
63.0485
21541.3
2777.05
20394.5
6524.78
21797.1
29.8251
169.801
12787
1100.24
108.44
21640.5
1289.16
19088.5
12197.5
13.8881
17713.8
95.6221
13.5482
0.123282
73.3617
20950.4
4243.33
460.086
372.518
7796.63
139.422
170.294
17904.7
21028.7
87.0216
118.982
16117.4
21581.3
1331.64
16170.3
67.5012
35.6232
40.5172
32.3308
37.4252
18345.1
21197.5
153.23
157.764
20431.7
4637.54
1138.02
57.8483
58.8727
18777.4
15832.7
14313.8
1341.1
11882.5
17425.9
6565.45
19234.5
12461.1
230.418
13442.4
11.4939
7481.69
2502.27
10489.4
1364.72
17364.9
20860.1
2406.77
940.073
18837.3
18431.9
10830.8
2987.53
17302.9
17232.6
19478.7
9277.87
120.17
31.2805
4669.04
127.045
135.543
19634.6
10563.3
19744.7
7977.59
69.0471
44.8279
12.2587
0.0395086
8.26133
59.9779
17861.5
8356.98
20201.5
21622.4
2018.42
19171.6
19526.7
9719.55
1135.49
16976.1
20149
6730.93
5221.07
810.427
18011.5
18216
11427.1
5708.47
18303.7
18622.8
21719.2
669.072
179.478
52.1882
15.4011
20507.3
4994.43
18967.1
16124.1
20658.1
215.848
21272.2
1983.56
13727.1
612.768
3415.61
1624.67
100.362
45.7364
11201.1
2010.81
9929.46
11126.8
24.5735
20117
2310.73
631.4
10979.2
59.7382
5207.53
137.98
222.666
13257.3
6141.36
469.375
18862.6
21510.2
1507.36
19152.6
25.3587
36.0729
40.0775
2423.98
17414.3
21157.9
1725.59
600.182
17764.4
11555.8
3333.73
710.894
331.394
5.59769
12.4894
86.8783
14.0737
21208.3
728.993
200.052
12709.8
853.337
12128.2
2200.68
295.95
208.876
21206
2142.36
39.2571
11636.8
199.594
21157.2
3514.33
4158.08
18414.4
14660.9
17054.2
20242.3
7352.53
922.008
443.895
17485.6
3897.27
573.034
20246.9
7742.12
238.945
20550.6
503.883
18783
14595.3
233.279
13.3534
17501.1
13997.6
956.803
21174
1272.13
758.168
19643.1
10308.9
662.133
4939.34
1219.71
183.159
15.9109
23.6698
48.3211
21243.2
674.28
31.1298
8050.07
774.469
18557.9
34.6191
18531.4
18406.7
19213
34.3033
15074.5
18638.2
21042.2
18351.2
39.781
41.9724
21167.1
3435.91
1275.23
21110.2
2755.26
14154.2
617.067
20890.1
3863.75
17870.1
18327.1
21690.3
17604.1
17473.1
18625.6
12932.5
586.88
17750.1
241.159
17676.2
20433.6
5275.93
546.809
20069.7
204.701
15406.5
20422.4
209.377
8.17542
18469.4
17323.1
17748.1
15168.3
18666.9
13326.2
20129.1
5950.85
785.288
295.586
19647.3
9244.27
17059.5
202.908
13069.4
19162.3
15852.5
148.36
51.3139
15976.9
67.6188
19288.9
10208.3
485.552
18351.7
16323.6
21346.3
1619.67
377.626
18471.1
9951.95
17060.1
19042.8
13318.2
18641.4
20216.5
5612.84
21001.5
4579.84
52.8595
18042.9
18601.9
17457.6
21503.9
61.8432
11.3436
21244.2
55.5572
20528.1
6182.61
20343.5
3775.67
1098.45
11066.4
1765.48
17924.4
21142.3
759.403
59.3836
30.4223
45.6038
18924.9
8933.01
2628.04
43.6232
2.45587
0.155093
0.0433651
0.908613
71.1562
18039.4
18922.1
380.799
11566.2
11218.7
18930.7
12142
17509.9
70.7213
32.9401
47.619
23.7237
18135.8
3343.69
17746.2
16925.3
20173.7
7249.64
868.265
62.3828
19722.1
7810.88
1043.14
56.2783
18786.7
19387.1
10117.9
21851
21463.7
1894.81
5201.56
539.304
4999.24
203.499
12990.4
4723.14
19164.3
10015.9
21452.7
2022.52
270.989
89.1857
20993.5
19399.2
8065.18
678.93
13898.5
8200.84
20177.1
5952.28
284.87
16249.4
19479.8
7970.9
13665.7
467.643
55.1574
20626.8
19495.9
8712.09
20371
6518.58
260.947
89.2448
0.945229
11.8526
14.7853
60.447
11955.8
18499.3
16224.6
15758.7
260.484
21151.4
2883.11
51.6438
4696.21
588.652
17014.2
15994.9
21249.4
17312.7
11050.7
19207.3
11124.3
21015
4149.42
146.599
340.295
109.819
17233
8.64302
19299.4
8967.83
579.498
20728.8
99.74
158.695
20945.8
13155.4
1089.18
17483.7
20630.9
3671.53
237.856
330.753
19264.8
9576.64
106.672
20770.7
3947.46
352.281
19738.9
7844.3
1896.94
1033.16
20448.5
4705.09
15258.4
17254.9
21215.7
17266.8
20410.7
6922.96
16758.5
14114.9
1614.16
21274.5
2441.13
324.741
0.824124
31.8937
7.71888
0.617325
0.196379
0.379119
72.4761
17735
17046.1
939.185
20491.7
19216
86.2494
17255.3
19510
10799.5
1089.72
11379.7
1493.81
14644.9
803.972
21007.5
230.427
18968.8
14770.2
10250.5
15465.7
17167.4
19776.2
7550.24
172.83
139.321
20819
2147.23
60.5631
11.0559
153.082
21546.3
1057.41
20373.9
6161.02
18207.9
21295.7
938.83
380.742
17752.3
9233.54
0.236854
72.4382
18232.3
20602.7
5898.35
576.857
342.327
13751.6
16095.6
19842.7
8006.86
3623.37
275.879
19291.6
195.084
94.6025
19937.9
8471.98
19851.7
12019.8
17918.6
11668.3
549.209
13692.9
19788.5
7745.35
590.046
431.007
99.2828
133.597
8758.15
544.335
19987.7
7751.2
19571
9406.35
18872.2
13870.6
122.6
17.9848
205.988
19932.9
9194.38
58.1348
57.1758
17374.8
160.865
19002.5
58.251
21022.7
2406.68
198.196
180.723
10854
2254.65
6620.51
984.78
19269.7
16879.2
20099.4
13915.8
109.32
243.69
19982.6
8997.4
4932.71
21421.7
2682.68
7386.85
1917.44
17706.6
6627.84
19284.5
9457.47
368.079
419.158
17458.5
20.9042
46.5995
16538.3
18075.6
140.734
81.4266
47.7228
9289.73
988.994
430.171
36.447
21594.5
1208.62
8.63895
12293.9
1876.99
21004.4
773.892
19042.6
21470.2
221.606
69.3021
11956.1
1209.86
3519.42
326.863
76.2605
18.8818
19955.9
8796.76
20915.8
2530.3
296.845
12129.2
3744.62
13960.6
517.232
13477.6
447.47
89.7965
44.9758
19776.3
9549.8
47.5859
18808.8
11260.1
21277.5
2012.4
19534.9
11636.1
1005.84
18372.2
17527
19924.5
7165.68
5603.59
17630.1
183.275
9.17472
28.8054
53.1307
21331.6
2292.85
17372.4
13752
19308.3
10666.2
13593.5
18570.1
12400.9
2518.56
20566.8
3722.92
946.151
16665.8
139.05
25.2123
110.83
72.763
21198.1
1775.31
37.92
12725.9
1650.53
18981.9
9300.6
20190.4
337.69
115.535
17694.8
18121.3
19466.7
19963.1
7141.54
20305.2
6166.77
18918.6
11525.3
18647.6
17205.9
20063.6
6583.65
1547.77
9960.37
1007.42
18.0701
20763.7
3455.24
20509.6
5020.68
6771.31
1303.18
9034.7
713.047
182.02
18994.6
14758.6
11964.8
997.107
4.63571
55.166
45.8654
21410.5
1618.69
12133.8
83.3736
97.6971
17237.1
20473.4
5205.37
404.155
18590.1
16753.4
134.951
17985.7
21214
2223.67
2419.15
215.258
267.332
19963.9
6101.71
21683.4
15787.9
21475.7
1758.35
18492.1
20694.6
3853.79
13330.8
1304.49
607.066
20893.8
81.0969
49.0311
3.6658
64.0058
20140.8
5756.71
20778.5
3436.57
80.9634
95.1112
14.6194
19247.1
9590.51
1471.31
89.3638
92.3178
18936.4
18193.2
19407.7
7665.68
865.227
18000.1
27.8563
20563.5
4915.02
19056.9
17615.4
21209.9
318.322
21436.3
1060.08
21232.6
3354.89
7388.74
19588.1
8673.87
17931.1
92.3201
35.287
19198.3
10445.5
1535.13
21046.3
3137.51
20449.3
7893.68
24.6288
10954.6
21333.2
2579.9
21136.6
2733.44
15879.4
19443.1
10324
21201.8
19230.8
9586.97
3143.21
18627.5
12203.2
536.353
18.6362
134.99
16481
183.064
17784.1
19647.9
6992.42
749.794
15038.4
20724
4847.2
7525.19
2764.43
21680
696.507
5013.75
384.433
45.0218
13412.7
9735.95
19663.8
18555.8
18791.9
21674.9
972.892
19684.3
10545.2
17528.9
20136.8
6693.2
281.561
36.1193
36.7992
122.566
6431.72
273.999
81.6987
14.9208
93.193
15871.6
310.971
0.113744
0.0151845
0.837984
0.00293952
1.72121
64.0996
19157.2
18441.4
17594.2
17157.6
3558.45
1095
17561.6
17314
20333.7
5569.25
21269
1027.77
136.781
55.0608
13994.7
582.7
18929.7
12119.1
1186.49
28.3238
111.076
11666.7
192.642
51.4249
76.0658
0.000145601
19.4948
52.5332
17106
7595.7
21469.1
1452.14
376.63
2449.22
178.083
17253.9
21237.6
3126.26
64.9455
116.04
18894.3
22059.7
67.8175
47.9788
16587.1
18943.2
17923.1
7998.28
20148.7
5175.12
18389.6
17028.2
17020.9
5872.89
586.936
281.227
5158.36
15215.6
203.071
19210.7
9985.72
62.9084
13545.7
20094.2
19.612
109.731
17469.2
12165
21423.1
1695.66
621.863
17455.3
20255.5
6897.76
10356.9
2129.16
18692.3
12360
1393.45
14.2571
98.8371
10344.4
4492.42
17324.3
663.769
12748.4
17886.2
18355.7
19619.8
19410.4
8458.9
19445.9
9731.35
16678.6
17026.6
20259
6524.84
19863.1
7811.02
19986.4
19173.8
13320.1
285.979
35.3228
2966.59
6614.02
538.464
7.08021
1.18614
76.8579
20027.7
7624.88
944.543
26.589
93.785
19661.8
10369.7
614.337
21565.4
936.464
3.53409
10.5112
16.1809
46.8418
30.3052
20224.3
6744.23
458.923
67.0262
21.0514
17318.7
18652.2
17197.8
17787
16932.7
18437.4
338.988
10374.8
345.828
22.1994
97.6663
17520.8
17235.6
21373.9
1629.91
20923
19082
10342.7
608.091
9383.61
515.752
10347.1
2178.67
285.248
18039.2
20580.4
6193.97
1200.15
102.215
3942.64
2627.27
19343.1
10041.1
28.5387
42.601
19646
9757.41
561.233
20190.9
7138.07
231.928
19137.4
13969
672.399
325.002
20859.1
16331
20002.1
20494.7
5820.39
187.46
173.963
68.9938
43.21
18297.7
17610.2
17740
18906.7
17620.1
20268.1
306.961
135.455
19025.1
6549.41
546.12
17272.8
19585.4
11250.8
17404.5
19907.1
7450.55
132.672
19055.7
13102.4
1103.41
7018.91
18221.2
20892.4
4101.44
16943.4
11167.8
1500.71
20091.1
6771.08
13971
415.215
81.3955
18614.5
18160.8
14796.1
18314.4
18675.7
3504.09
21594.7
20.3167
8191.67
21036
21637.9
102.58
220.191
54.9706
21223.4
4273.49
13932.9
13387.9
756.015
177.993
17560.8
18154.1
16457.9
20578.5
3373.61
19122.5
16890.7
19983.6
6532.5
4119.97
252.511
242.93
19738.2
9997.93
21473.4
1301.41
20095.3
8152.93
20811.2
3575.48
457.977
147.419
20535.3
20454.4
6988.72
318.383
160.695
9806.52
713.821
19178.1
18826.8
14184.2
19875.6
6464.02
20987.6
60.2768
20875.9
5024.47
213.157
82.4489
19863.6
244.217
11528.8
18299.5
19319.2
7816.33
2588.2
20228.7
5.39851
4.23496
66.0316
41.4194
8117.41
20052
6333.11
19139.7
11683
21010.1
4789.48
452.69
4892.54
12376.1
1465.09
33.7339
20681
18392.9
16626.6
21281.5
1892.14
25.3225
21390.1
19986.2
8151.75
18626.5
14439.7
7449.84
91.6405
55.1781
18343.5
21362.2
1301.38
218.185
20830.3
3402.07
11208.9
0.00382318
19.6092
53.18
20054.3
7262.55
229.441
19493.8
10239.4
8678.23
591.361
14900.6
2833.89
250.996
375.184
51.095
21.6461
50.2921
18291
167.151
16533.1
19153.8
11265.5
204.6
13364.9
1746.56
20803.8
5207.92
21183.9
11611.3
831.944
439.835
21735.1
596.541
18492.1
19190.5
11281.2
12481
1333.02
18320.4
19026.8
11086.9
912.261
17517.2
20616.1
3329.2
173.534
32.1081
18515.8
30.0757
3220.11
13581.7
17955.4
13760.9
576.799
6581
508.257
20774.3
3734.07
627.601
18748.9
18249.6
19476.8
6714.99
2149.39
20561.9
5951.29
426.444
4609.25
864.62
18320.7
21752
1190.42
11.7888
19829.9
9186.07
21352.1
37.0485
0.0353192
23.7494
61.581
10655.8
15711.3
20387.7
75.1714
20045.4
29.6143
21253
20502
6004.29
1272.99
87.2994
26.8043
7490.45
18645
8198.34
184.394
19928.4
6561.4
2953.08
1.19712
7.37569
79.0945
16889.4
69.2231
77.9716
17016.9
12977
18695.3
21445.4
2187.56
369.496
87.5138
34.0454
57.2231
8792.74
746.79
19955.1
5081.71
723.555
19772.6
8441.59
118.878
573.236
117.006
16470.1
21135.4
20215.8
4564.99
439.708
125.949
142.189
17848.9
20635.2
4558.45
13.8072
16887.2
219.526
44.5504
39.8552
28.5662
19863.1
5886.49
915.435
146.405
4985.92
19263.1
7418.06
5752.67
766.436
9267.73
544.655
158.526
33.2305
56.2848
21206.4
50.1423
195.97
20655.4
3875.62
21278.1
1225.43
502.757
52.3911
15123.1
399.168
18.8561
90.6863
20553.8
3118.28
426.635
88.4681
61.9705
32.23
18297.9
18165.6
20994.6
2625.39
684.701
2126.07
3103.3
457.047
132.107
38.1087
0.355074
97.5305
13914.2
17512
17997.2
18083.6
18031.7
13512.5
785.148
5045.96
1378.62
3785.81
21168
2390.01
20410.2
3535.43
221.56
21233.5
1871.58
18142.6
17439.8
1935.11
18800.8
175.832
0.114015
2.12762
85.3901
19419.2
10640.4
10786.1
107.988
4.5303
71.3311
5474.03
755.759
6.20915
5.78589
89.6163
19262.4
11813.7
17819.4
67.4782
79.6611
18050.3
19067.4
18305.2
19269.8
12535.5
955.469
20268
5069.34
1022.05
10.1155
0.0841427
37.1616
30.1884
21544
736.832
494.87
20076.2
7439.66
18491
21881.2
17920.9
15420.3
19801
460.138
21643.7
17587.6
11329.6
20773.1
17546.3
21093.2
2803.58
227.276
20.9822
21567.8
1464.72
18576.4
15543.4
18029
19126.5
63.7027
8078.17
18643.3
19896.1
180.257
20717.7
289.46
39.218
14392.1
16581.1
21034.8
25.2758
7725.91
9522.8
1747.78
15329.6
20555.2
37.8108
42.2142
8674.91
7260.61
19273.2
232.652
18466.2
12309.6
698.568
21041.6
268.494
172.892
54.0765
20.7112
21556.6
591.96
46.4003
34.2397
31.7962
11512
3477.28
19047.7
12198.6
598.874
232.23
58.2867
20947
3607.84
28.8697
17710.6
21965.5
427.274
20.4556
18740.9
18309.4
21653
743.821
19286.3
10340.3
14573.5
19.6817
59.9446
9011.3
467.415
0.95013
32.1213
7.45689
8.30853
5.84281
13.1708
55.6263
18444.8
20847.1
2868.53
327.201
217.816
10380.7
20597.5
20642.3
2461.07
750.031
49.8363
60.2976
85.5402
19.6302
5932.34
1328.01
19529.2
9155.31
18061.1
13928.5
20551.7
5141.68
1607.22
260.356
19073.8
9933.91
1307.51
182.35
119.129
7032.48
1271.23
57.7505
26.8068
0.13343
82.7199
9770.01
23.7611
145.755
18198
19826.8
45.8005
19278.9
11427
17701.2
16579.1
44.9906
57.2247
1.06138
1.15255
53.3738
16.8573
20373.4
18017.3
18596.4
108.775
152.728
13106.2
1339.45
30.6074
21212.7
5029.9
440.535
20469.9
6973.7
403.874
0.596714
2.40504
94.1621
16295.6
15582.2
20844.2
4066.04
18781.9
13324.4
1502.95
21530.2
371.016
257.158
0.0225532
64.69
18699.6
16255.4
430.278
18536.8
21037.2
2182.09
48.6747
20.1991
21428.9
212.813
54.9056
16990.1
430.281
7548.12
18760.9
10629.2
1005.05
12768.9
19875.8
7615.11
7161.33
333.009
19554.2
18549.7
19922.8
5359.02
516.383
140.512
116.822
36.7602
16229.8
17880.2
19961.1
10080.1
164.323
0.14281
0.000207341
8.70116
62.3474
19632.8
11167.1
21297.2
2001.94
21205.1
1796.05
21285.2
1449.42
12147.6
714.171
32.6283
4464.32
240.307
21463.6
1121.87
21421.2
1893.64
21786.3
431.827
17832.6
445.264
20496.4
5564.71
231.8
54.2438
3.13486
0.0226606
4.77093
61.0732
18775.1
12680.7
19064.7
12603.3
204.233
18532.9
13675.5
848.911
20667.1
6365.21
8109.09
166.467
50.7101
19612.3
13599.8
183.236
16964.4
17817.6
20052.4
252.701
14298.5
12114.5
18833.2
12455.6
18884.2
13434.5
19363.3
255.833
20575.9
5181.74
210.711
20672.9
4170.64
18721.1
11931.8
429.218
15663.4
17272.6
21060
2186.96
7288.13
20021.4
7047.73
19741.6
9933.45
314.596
16.4994
10215.8
855.562
159.863
46.9335
18450.1
21880.2
375.383
20035.6
7458.48
192.524
18130.5
18686.6
17542.2
17217.8
72.9915
73.4997
8073.04
20434.9
4786.24
61.3301
7.86196
56.6425
18884.4
142.452
19479.9
9219
17669.5
18.908
22.9535
47.3222
36.5649
7867.69
19776.1
10879.6
18959.3
15659.5
16838.6
20324.5
21282.5
927.734
20274.2
6480.91
11392.8
14981.4
17335.2
18965.4
10508
1282.07
31.5252
20356.1
5459.57
18700.9
13460.1
545.511
17831.9
19366.8
10058.1
21709.5
568.536
67.0593
8653.67
20744.9
3438.07
1340.91
9872.84
21475.7
21190
2410.72
19633.6
9420.29
550.376
11051.9
63.4996
204.859
27.4827
18742.6
11150.3
1305.47
21145
3269.52
19272.7
9416.99
7224.08
216.29
8098.66
2640.32
34.8941
78.8354
36.8751
20151.1
6476.8
2346.1
17893.7
17248.7
19687
8028.2
1158.79
107.284
68.4426
15.5672
17.2262
17.1016
65.6981
18899.4
17815.3
21350.8
237.893
17650.8
20299.3
6513.05
1121.77
19452
7774.09
1210.25
20888.7
17109.7
17129.2
5643.44
196.226
5.23208
92.2648
22.5183
19011.4
12247
10745.6
18423.3
15351
21532.8
16959.4
10346.3
286.747
16100.4
13927.3
19330.2
11427.9
153.808
39.6886
19879.1
8020.38
18817
17086.6
18650.9
19495.7
10065.9
20940.5
20170.1
422.984
3356.08
28.2443
78.8515
21.1382
16914.3
15018.3
19192.8
10699.7
17132.2
183.005
17106.6
3814.74
14158.8
256.328
40.8007
19587.1
10380
140.045
21461.2
29.9436
29.8406
130.053
25.6044
20096.1
9578.51
16906.7
18420.7
15987.3
8894.67
8828.31
724.863
225.88
4964.4
356.723
320.694
35.2674
19762.4
6638.5
1401.78
21262
1491.57
13.1555
32.1741
40.8132
59.3919
19700.4
9857.35
21118.6
874.71
20652.4
3280.56
418.483
274.364
18630.7
242.229
163.557
10369.1
259.08
17044.6
20032.5
6073.61
1242.72
471.734
45.3774
17565.1
19478.1
8173.18
21296.5
18565.9
16142.9
142.448
18152.8
19429
12528.9
18978.2
12276.5
19515.7
12390
17.9443
66.5006
43.6793
17254.2
18996.6
312.647
18803.2
14644.2
20070.8
79.9648
43.02
113.573
18480.4
110.532
2.1376
45.808
34.6798
20645.8
3353.65
38.2342
0.447108
0.679803
94.4563
4520.53
15332.9
19881.7
17684.9
19487.5
8432.05
217.087
346.291
63.7319
17765.8
14711.9
20518.8
388.627
63.5091
57.3131
6044.69
19342.7
12748.9
4445.2
581.094
21271.1
961.41
20524.2
4963.66
141.039
214.928
20110.6
9428.06
488.356
18535.2
15093.5
1929.07
920.924
129.037
17118.3
14580.2
17107.7
20699.2
362.857
18766.4
20299
5210.06
16595.4
8873.1
68.7101
218.998
19051.2
13826.8
21402.7
20329.3
6722.15
756.903
118.078
25.9229
14.4983
190.263
14381.5
17.5593
20072.4
5026.94
1012.77
290.571
784.656
17680.2
21136.4
640.47
9127.56
13003.6
209.922
6479.6
773.91
50.3624
17922.1
17417.9
20531.8
5556.1
18577.4
17231.2
0.00254053
3.71432
2.46231
62.1108
16351.1
19371.1
9703.43
20271.4
7468.81
491.772
18397.1
17549.3
21553.4
440.411
17662.8
21226.5
2312.59
275.26
49.2589
20110.2
8550.08
338.021
13724.1
20495.2
6339.99
18120.6
15819.6
32.8933
5.15751
97.2903
54.3806
5837.17
18100.8
16431.3
17591
18697.6
14507.9
10054.3
10759.8
1279.52
16367
20136.5
7189.38
18232.3
19453.5
1.45026
69.558
21442.3
909.574
12.6928
17891
16593.1
168.583
21192
18798.5
12058.4
448.8
12429.2
1133.36
116.857
17602.2
21444.2
1065.9
14.6388
15781.4
16672
1.85561
77.7621
17355.5
444.088
170.093
4682.23
17642.8
19187.9
19819.7
10315.6
16605.5
43.2755
126.945
14369.2
1102.68
175.627
218.471
99.0309
20612.8
5014.61
19639.2
1.65351
0.00393589
1.3174e-08
1.87708
1.8916
0.285952
0.00338986
0.188019
3.56671
3.15982
0.000161663
2.50139
67.8817
13464.7
278.189
11259.6
19967.9
20712.9
6776.56
12984.5
17896.9
20308.5
5913.1
13229.9
2712.44
4679.01
99.1834
88.3004
18777.5
12516.1
18383.7
15861.6
19620.4
8727.71
7698.25
544.065
130.14
7552.34
543.198
17559.9
18180.3
19624.5
6260.02
1951.12
18981.8
14249.4
9.93234
207.231
20314.2
47.0354
21185.8
2592.7
20892.7
3205.61
590.144
15.8777
20551.5
7604.2
16233.2
17878.1
21630.2
21229.8
2182.81
617.314
17388.5
18441.4
16966.9
60.5583
18366.4
18883
12733.7
20466.1
18466.6
12157.1
2046.79
138.029
18404.3
11953.7
709.696
18350.2
21098.6
79.1726
180.977
92.2489
17789.1
19267.2
11094.8
10852.8
957.559
21054.7
3064.6
2279.32
371.392
18125.6
18380.9
12855.6
18634.2
19943.5
8867.82
19880.2
9969.2
16161.3
20957.6
4393.7
44.0637
20056.8
409.177
14227.4
877.074
19348.7
9823.32
1159.32
5484.96
115.68
89.4486
9777.54
1272.97
9.8214
72.8842
9711.74
21349.9
1228.53
406.015
21800.7
1163.9
63.6893
21176.4
2074.58
20599.7
4879.23
21448.5
1264.81
761.208
6432.05
1509.22
57.7248
11404.3
1434.26
18057.3
18054.2
17540.6
18384.5
18395.2
13818.8
1746.32
20419.8
7062.69
9251.65
17426.4
13332.7
6576.21
1239.32
0.638633
0.00126529
24.587
41.2855
11546.3
21631.6
1595.12
67.264
19077.7
168.566
33.0827
14176.3
9551.01
323.561
20714.7
4819.32
38.9903
14224.8
383.776
19629.4
7189.13
573.192
21460.2
2669.54
159.049
18572.8
6719.17
5.04939
355.754
30.5857
18355.8
434.816
13643.1
21238.7
14.6809
1.2722
17.1336
47.963
10465.3
20384.2
5022.29
17986.8
21629.6
99.096
244.926
20021.3
5945.02
15489.9
17189.8
57.3887
16736.4
20224.4
5759.7
1127.29
19925.2
9364.41
20823.7
17420.7
18618.7
19671.5
8387.89
1381.41
21437.1
1883.65
2540.32
14999.7
12465.2
2885.08
17478.9
18782.3
13631
1725.27
0.137441
77.9643
13702.5
19113.2
13014.2
18724.4
21847.2
396.111
21467.7
1214.16
63.7426
19539.4
10968.2
19669.7
9894.35
13.4797
10268.7
1788.71
17056.5
124.661
23.917
94.8955
5400.82
290.874
214.94
86.0462
51.2153
18926.9
12739.5
15726.1
21848.9
1149.12
17583.2
21458.7
1260.73
13690.5
19089.5
12183.1
16033.8
263.431
40.6135
60.3937
4084.71
16.6393
18367.4
17371.1
21289
1041.04
18348.3
14626.6
18644.3
20321.9
7196.14
36.8169
91.9949
28.9404
18.6577
63.7006
8947.79
172.01
19851.4
7438.28
979.221
21549.8
1229.52
194.458
142.673
13.5859
16960.7
16124.1
55.9306
17137.3
18602.3
20256.9
37.7663
144.861
15337.3
577.97
5922.46
21034.7
4849.71
227.432
20878.5
3451.43
576.152
11439.2
8171.69
1499.87
345.964
9.95041
17733.4
19418.1
21811.8
72.5132
13205.6
20710.6
4985.68
17619.8
18592.6
8524.62
173.533
7764.04
739.186
19273.9
11278.5
19821.7
6290.16
716.841
406.492
18274.9
22.3225
34.0649
32.1726
20720.5
4319.39
4029.21
17636.3
19510.5
19102.3
18212.6
14830.2
6032.31
19964.6
5527.75
50.0819
200.12
194.046
20686
2561.11
712.315
278.794
21110.8
2446.76
12950
684.146
171.571
14465
18824.8
18391.4
395.478
18313.4
21141.9
2696.06
76.3434
21412.1
1580.68
7448.11
20979.5
3176.6
21698.3
246.103
12.1136
93.0173
114.938
17160
59.3622
14633.1
265.036
12041.9
20276.8
5267.43
19929.5
225.345
24.4244
20359.5
6578.99
12469.4
1286.1
273.872
18.0188
22092
183.96
20699.5
2992.24
19694.1
10018.4
21480.2
310.617
435.086
31.1722
52.8945
20324.8
6492.78
7453.95
749.427
44.125
19.6617
96.3071
8.31548
16025.5
34.9732
229.035
17243.8
20510.7
3269.36
7903.69
1624.76
17.0159
20.3767
1.33816
83.4348
18407.3
16084.6
18639.4
18037.1
45.4631
18889.7
20323.4
5109.69
18642.1
17559.9
18529.5
16668.5
161.679
21451.2
8.01448
60.8041
12491.4
19826.7
7540.65
21042.3
5234.9
15857
15134.8
404.112
41.1115
17711.7
17818
17570.1
21722.6
11.4713
139.677
18494.1
16626.3
21595.1
21898.2
199.157
13.1323
68.0182
62.369
4663.37
16876.5
11267.4
21260.1
393.723
11.5504
83.4239
13342.1
19309.7
16574.8
83.018
111.566
3924.98
17301.4
19153.8
12189.5
18661.7
10522.6
1141.08
9600.67
1065.49
18761.2
13520.3
1566.19
109.746
40.7456
97.9516
21724.9
1639.43
17768.4
35.2056
17124.3
20903
3288.38
167.668
131.001
5365.47
413.104
153.084
19164.8
11205
14213.1
21147.5
288.917
313.162
26.0853
19.7048
46.7936
18266.2
17986
18501.9
18673.2
11420.4
21449.4
20705.3
3986.69
19225.7
18425.3
17966.5
20770.4
4960.76
63.3782
76.7399
28.4546
20691.7
4306.65
559.185
19388.5
10357.7
590.475
343.607
21270.8
1750.42
15044.1
16926.7
20329.8
5354.86
614.898
21453.1
7129.66
546.444
141.844
121.457
20752
4695.77
18646
13299.5
19797.5
6150.38
15857
19331.2
11179.4
424.943
16386.9
18475.9
16586.5
8328.75
17937.9
18143.9
20055.5
20466.4
4507.63
654.674
17591.8
10757.6
2058.42
26.8415
43.9726
16891.2
4338.82
445.752
0.29839
88.4242
20281.2
5096.33
4390.17
866.958
20809.7
210.914
20090
10904.7
18530.6
19612.8
20448.8
5919.41
17382
15.9834
21472.4
531.093
295.386
180.866
21410.5
2970.84
18908.9
10893.8
14602.8
919.005
20928.1
21801.7
108.37
13473
988.142
14661.6
18001.1
17068.6
1239.21
431.678
2.72669
4.99565
13.1001
3.17358
64.933
20162
3833.37
490.977
17153.2
20196.9
5364.16
329.33
129.626
88.4793
11760.7
18816.5
13941.8
1428.12
3323.6
21779.9
1362.33
79.2288
19020.4
17655.9
19401.9
9820.41
206.623
332.772
56.1265
19601.8
9704.42
276.142
70.9751
19025.9
12006.2
9949.85
496.358
30.1432
21396.3
2716.11
7836.88
82.5593
21626.3
2500.6
102.369
52.4271
18954
12787.8
11600.5
2533.86
9.15287
57.2501
22.4795
9306.07
18348.6
9761.38
254.769
20928.8
2768.03
162.672
148.686
20419.3
67.3673
18990.3
7515.27
21519.7
2253.7
17090.5
23.5276
115.751
14237.4
157.961
3132.7
210.863
18164.2
3589.42
1640.65
285.103
56.7257
17698.5
21294.6
2461.38
8.33542
28.8482
60.4207
38.3309
5968.04
137.705
33.0239
18986.9
12258
8899.83
178.764
23.1002
19646
8748.41
1621.15
13173.5
21507.6
1863.23
68.5931
130.336
21208.2
2943.68
17911.9
20168.1
8172.95
17812
18971.8
11784.7
10975.1
518.393
214.211
21120.6
4162.07
19440.3
7633.37
2486.14
20583
5862.94
21085.5
242.401
17871.3
20305.5
19007.2
9297.55
11799
1301.95
19190.5
13450.2
283.287
17472.7
19925.7
8916.25
13324.2
2251.28
216.171
149.397
19331.3
17592.9
18990.1
517.405
19824.8
7427.93
691.213
315.557
16761.7
20494.5
3312.29
408.358
9.75827
0.425773
37.868
41.7923
20566.2
5008.8
582.623
15.2909
12737.4
907.988
11685.6
19114.9
12181.5
18027.1
17884
20945.4
1.2316
4.95542
1.1276
21.5519
64.5577
21385
2009.5
657.126
18524.3
14779
19941.6
8388.86
20814
5701.22
827.246
20532.5
3965.43
765.813
11499.2
140.981
174.727
126.456
19.2957
8960.19
45.2848
17229.5
17778.4
4105.94
1275.91
19891
522.951
18147.6
13.3609
34.9021
41.8132
20629.7
4681.74
207.995
55.5317
187.477
19420.9
20713.8
3912.2
288.716
18792.9
6043.98
8938.11
19118.2
4775.11
1251.75
19885.5
6968.35
19347.7
9499.99
21210.6
1743.56
51.5931
119.246
18323.8
3786.53
1398.99
7625.72
14.4619
64.9123
23.9274
16811
20079.1
8087.32
852.726
63.4982
18456.1
17493.1
11768.9
2708.71
74.5124
16281.9
17514.3
115.853
5326.45
4655.02
18429.7
19676.2
9224.92
16761.1
88.1311
21.0198
4991.81
277.857
301.492
21743.8
1604.33
20463.6
16561.1
449.426
32.7991
1.47986
77.0027
17598.6
18363.9
17518.6
22320.1
15.5451
10.0623
60.847
16047
79.049
4.87104
37.1771
30.0697
20378.1
5561.56
21458.9
2355
11167.5
12383.3
1773.25
18126.8
18716.8
19990.7
8366.99
19525.9
10737.9
649.262
16506.8
8008.69
42.3026
23.5882
18772.6
196.167
9.90065
19835.3
7762.37
10749.6
21236
861.972
242.517
15020.8
354.543
119.449
16.1915
14399.4
14744.4
52.9594
39.2561
13402.2
143.009
12.3793
1.99467
9.10047
58.3997
17922.9
21160
20456
54.8356
9368.13
18578.9
18799.1
21266.1
20819.3
2821.43
19089.5
14263.4
19573.4
95.915
68.78
21767.3
1089.52
111.25
53.3519
21023.6
15817.2
13936.8
277.829
21454
231.856
45.2216
18961.6
12518.5
19287.5
9169.34
851.727
17331.3
18361.6
17914.3
20653.9
4321.68
258.942
19362.3
8402.11
1231.01
667.609
9126.32
76.501
14.8778
20503.7
4302.13
20963.8
3519.78
24.2361
45.0062
126.121
8711.5
17449.8
14944.7
19354.8
10386.3
21059.8
2229.93
19298
8315.38
21023.7
2679.47
794.699
148.97
19908.6
7299.64
222.385
21202.1
2317.04
8512.96
552.89
18131.4
6276.56
21671.3
831.848
8120.27
337.483
340.897
21378.9
1358.78
314.836
19454.6
26.0431
8996.12
31.1406
20525.7
14494.7
19892.2
10271.1
415.743
128.899
3.44386
2.39367
84.629
14.115
3261.95
19224.6
13985.7
12768.8
16581.4
6137.53
871.864
223.715
41.4317
0.290705
81.0329
13632.5
686.878
17370.2
18849.8
48.6768
20374
6755.34
432.789
25.0638
106.513
17458.2
17428.1
22106.8
41.7426
383.153
20615.9
3422.03
366.094
4859.1
482.104
16.9949
20549.8
344.643
17981.4
22.1752
9041.65
1074.99
17330.6
20673.6
5404.27
382.867
21485
1367.61
17376.8
231.905
15.0972
21756.9
785.441
248.027
25.7208
13426.7
18304.9
21997.7
658.49
19212.5
10189.9
19903.2
21081.4
2952.66
8.27058
19641.5
7332
2651.59
6604.35
3374.46
21818
14.3691
84.9834
18208.1
15868.6
19227.6
8072.43
14513.6
21128
21585.1
1365.09
112.042
21.8456
16834.1
3136.67
11467.7
17569.2
1570.11
21323.5
1720.27
18365
18920.4
39.0817
146.167
20855.4
3320.66
512.086
16744.9
18842.1
11311.3
16042.5
11517.4
1378.16
20531.1
8047.17
824.902
14323.2
19924.1
6019.09
2130.1
19877.1
6538.04
1551.95
597.284
19091.3
9332.77
4741.39
22.8189
152.694
16498.3
20692
3228.58
392.668
37.7011
16076.5
14734.6
18764.7
10917.4
1858.65
21083.1
2082.84
63.5286
13278.9
20682.5
3709.31
16489.9
20494.3
5097
608.233
21517.3
15.4928
18217.8
21083.3
450.013
21822.1
322.089
431.336
16504.4
11292.6
12.532
9.16704
63.4146
20237.7
5838.43
497.52
20381.7
3492.02
778.414
17983.8
135.394
18959.9
12632.8
2124.63
12908
18042
18453.6
21167.6
2013.8
13138.5
1716.3
18500.2
15346.5
18515.2
17360.4
16017.6
6030.99
20247.8
6480.45
10.2392
18882
11582.1
18692.2
20402.2
5159.08
9348.39
20415.6
6547.74
0.0012114
71.0714
21360.7
1825.41
52.7279
11123.4
12082.4
2365.51
12495
17641
19711
7006.63
17795
10384.5
969.511
19190.8
12154.6
18377.8
16541.1
1340.02
207.855
19642
6926.08
528.027
5211.53
16672.6
18558.7
15190.8
3495.78
525.653
17910.3
17675.2
222.488
142.967
17629.7
45.1054
0.00785663
30.2005
57.7
18637.6
20956.9
2208.82
654.771
105.889
17564
21471.9
2929.82
5440.1
1956.48
374.263
66.662
18889.8
11857.8
15742.6
20153
8783.28
17617.5
51.8936
11.3627
138.992
19520.6
9503.22
17079.8
13311.8
954.366
53.0598
61.6921
8681.8
1361.65
14658.1
207.608
26.4508
140.104
18665.4
11740.5
776.16
19898.1
6884.89
17523.7
19226.8
11438.6
17554.1
20300.5
4694.55
17082.2
350.704
9202.87
661.801
283.808
18168
28.1599
0.87309
101.325
16466.9
21451
1544.77
156.673
11.6598
38.5093
26.8086
20009.2
7509.5
18176.4
20447.9
109.631
205.017
9585.61
1235.03
17754.5
18939.7
19526.3
10174.4
1228.79
7924.75
3379.98
19877.5
146.108
11256.2
171.664
19044.6
10299.7
19620
8467.55
17121.5
21224.8
669.855
20653.8
5054.66
1044.47
9737.1
11321.2
7208.86
1230.33
318.857
9640.52
19090.1
368.396
18584.8
13064.4
16709.1
15487
20344.5
7914.2
225.889
10346.7
944.95
523.555
11220.1
21.5164
184.958
18979.3
10298.9
563.346
14.3006
9293.92
19009.5
13540.1
5421.87
200.663
46.7129
19765.2
6843.66
503.039
20551.9
5664.66
658.198
14.2848
3.01515
82.4221
20401.9
16559.9
428.609
15269.9
17870.1
20128.3
6846.82
18132
47.8604
18953.8
19146.1
10499.5
1391.75
11939.8
19788.2
7176.37
1654.53
19669.3
9318.56
670.272
4398.95
9339.17
48.5143
21099.5
1751.14
502.539
38.1455
20607.4
6195.26
7517.8
689.157
50.9382
17888.4
18587.9
19996.4
7127.75
19049.3
10133.7
1856.18
104.158
17228.4
88.332
61.6502
39.8337
21665.1
66.0279
67.8465
18788.3
108.756
162.101
6970.06
245.879
85.1489
21399.4
10290.6
192.166
5084.62
362.597
19309.9
6693.74
5916.75
16983.4
194.478
17879
18034.1
1.89469
5.66312
48.2139
53.518
9932.99
19355.8
9673.11
19785.6
20.4832
31.0561
7.16611
58.9243
18607.5
19339.9
10498
663.682
284.185
20251.6
7319.98
49.6223
110.052
7582.24
1680.89
19703.1
20045
8544.24
21522.8
1659.88
652.514
19260.9
9310.56
1679.96
15820.7
8353.91
1386.21
229.914
6264.56
368.794
138.417
57.0761
18445.1
15682.2
19529.1
8017.75
346.341
48.2813
224.042
19910.1
9404.66
19862
6640.43
9.15489
105.417
20323.7
6488.88
5283.06
19337.3
7885.71
2262.1
17135
17841.1
17319.1
6745.43
1292.77
3440.24
16170.2
20992.8
2817.28
18295.3
19132.7
11425.6
886.042
104.001
88.1496
25.7704
19263.8
10956.8
10310.6
2209.44
19856.6
7625.65
1290.53
174.138
52.248
17670.9
20009.9
6356.41
59.0125
16764.7
173.049
19190.3
12851.1
18834.6
20157.4
7772.35
21127.3
621.42
8772.44
19605.6
9358.04
10282.6
181.806
430.134
36.0521
20115.1
160.42
133.728
11.5526
18643
15558.9
16969.4
18654
8984.21
1655.47
19891.7
8161.62
0.0414831
96.2602
18655.3
11831.3
20910.2
29.3951
1600.16
254.117
16854.8
67.7966
8.65596
17066.4
18135.6
9901.39
6959.15
18078.5
8346.46
20192.8
9448.43
13896.7
289.443
16943.8
7078.42
18429.3
121.351
21161.6
1605.78
11.4727
39.0741
42.0803
18702
13868.1
1369.29
10703.6
1409.58
38.9868
6383.98
368.65
78.9914
47.6843
8954.65
18041.4
19853.5
9399.7
21342.9
1647.06
14644.8
21549.2
1090.63
217.991
38.9066
87.0829
26.0706
3948.38
157.293
408.66
13276.3
1190.45
540.959
20685.6
3978.31
17931.2
18297.2
5512.06
19964.4
6729.41
8494.18
17016.3
18334
20885.5
4603.31
18433.7
10511.8
2514.85
5380.03
16609.1
3738.25
657.854
648.472
18402.2
17434.2
5557.35
536.18
105.351
9.1322
19641.1
18678.9
14668.3
20256
17914.6
19958.2
19190.2
14684.8
19912.7
50.5117
180.529
19213.7
10159.2
12401.9
21786.7
2077.7
238.001
161.314
12792.4
1107.42
9.04534
73.3075
18011.5
19223.7
18668.3
18369
15366.7
18583.3
20518.1
4091.07
1476.98
36.4064
54.8235
15946.4
20400.5
6427.75
199.304
20323.4
123.185
20314
149.519
108.116
49.6923
20552.3
4100.29
18747
12262.3
415.211
46.3171
16781.8
20733
1714.49
535.136
15168.5
20714.3
3828.68
21334
1089.81
18990.9
18269.9
20488.2
5372.06
198.713
67.5131
13.4202
57.9394
19313.8
11602.9
17137.2
19748.2
10137
950.888
17155.4
281.51
50.9943
17585.6
17832.1
19505
15867.2
133.131
81.9964
19239.3
18474.6
8883.67
21960.5
618.389
23.072
17952.3
18839.1
18883.8
12863.4
5775.13
16010.8
17743.8
17590.1
21207.9
7387.65
1635.59
74.0977
1.61712
34.6813
45.3746
14429
5915.19
424.508
4484.11
16863.4
4524.97
20212.5
5912.1
289.735
29.9923
18827.6
11303.3
1258.35
20060
7382.86
430.766
46.2461
134.638
63.6164
18108.3
19144.9
9313.86
400.377
17941.8
20953.3
20470.8
6859.46
16642.2
1.27037
59.6672
9.90425
19300.5
9579.5
19619.2
115.334
142.281
18274.8
173.288
21699.7
45.8494
84.0926
6910.52
17861.2
3059.49
233.027
12417.9
1008.11
309.799
64.7146
26.1412
34.3506
50.2119
19780.6
11210.6
3300.91
818.146
17789.7
20434.7
3602.53
779.048
19101.3
11323.1
510.949
448.772
17956.4
17994.1
9256.39
18595.9
20717.9
2684.08
597.73
26.8253
17950.1
14405.7
18423.4
14048.1
18146.5
20819.8
27.813
1.68577
0.193606
0.26492
74.1334
7886.93
13321.1
887.776
20825
5270.54
5248.54
166.762
10469.7
18561.3
7568.74
665.468
111.678
39.0107
20582.9
5845.7
18.1002
62.5818
3620.73
53.3315
19236
11445.3
110.675
27.0185
13641.3
413.505
15047.6
20349.2
5308.03
918.039
87.1187
20747.7
3544.53
910.445
44.725
35.4962
19991
7999.39
8357.52
20896.4
3809.38
18.4672
0.695862
10.842
6.40981
30.9294
59.8087
18238.6
17670.1
289.246
20055
6501.73
1807.32
245.765
8.61838
15871.5
21614.6
1727.9
18753.5
117.672
18140.3
18979.7
14582.9
66.6161
172.426
37.8264
21342.3
1890.26
17860.3
18722.6
18670.4
19115.6
19268.9
10693.1
247.353
221.515
21592.7
592.934
17992.2
20919.9
1720.82
19825.3
7295.98
424.011
20257.4
4051.6
17315.1
19481.5
7413.92
1635.63
21252.2
1600.27
10282.5
409.937
20922.7
3305.65
391.231
9225.57
22.4206
21084.2
19348.5
18344.9
15613.8
18255.2
20247.6
320.149
1760.08
19326.4
8002.01
20796.4
3957.92
191.528
316.233
12.1495
155.316
21613.8
1535.54
6836.54
21231.3
3530.65
11948.2
20912.5
2353.43
21592.9
1303.46
21440.2
925.957
44.5972
63.2614
16433.4
17856.7
249.441
63.2654
17490.4
10077.1
19942.5
206.981
20808.5
4811.48
19174.4
10360.1
22.7348
181.969
18680.8
18195
20174.2
7661.16
17966.9
9481.43
2128.52
9652.33
9410.07
759.756
10413
13614.6
21614
17933.8
18092.5
150.841
20857
5982.92
9698.18
204.438
19673.8
7936.94
123.211
182.927
103.937
19852.5
7799.86
20910.4
4180.97
141.847
18216.3
235.887
15234.7
51.3312
19058.7
12960.1
1019.96
28.073
15026
19002.4
20913.7
11712.9
3247.59
73.4102
20.7059
21595.9
514.964
18015.6
19882.1
9.57843
20044.5
6700.78
11194.2
47.5523
20704.8
5255.03
17248
18943.4
11217.4
18135.6
9320.11
89.8763
207.301
13323
907.286
21352.6
194.459
154.646
191.511
15.4298
18944
17406.4
20381.9
5188.76
135.126
19139.8
13305
17963.1
186.134
17801.7
19930
18452.6
13082.5
11522.5
1226.32
42.4095
17832.4
17988.3
15157.1
20097.1
8202.24
18744.6
16143.4
98.1989
21559.1
20318.2
5729.51
14406.2
751.613
45.1022
178.406
1208.05
19996
6174.99
352.834
40.4296
21094.1
3047.58
9415.55
492.222
0.0706583
31.2199
41.1322
21563.8
125.647
18618.1
16067.5
18722
14327.7
20072.5
6683.66
17667.7
18581.3
19145.1
10680.4
21287
3177.32
19959.8
17792
11916.2
217.428
131.595
13832.8
19094.3
20884
3118.01
21343.8
18122.9
9326.82
45.4803
18813.6
9281.69
2398.5
20372.6
54.7538
171.585
9571.64
17056.3
17192.5
13460.8
15999.4
15893.2
20570.3
6365.66
896.499
16747.4
342.665
26.4227
17796.6
20092.5
180.397
16298.6
181.691
18884.4
10857.8
104.539
5563.87
246.526
152.557
86.0734
12856.3
269.297
21821.1
20859.7
1528.16
209.418
100.388
26.2023
41.2409
15284.9
48.6114
17784.6
18043.8
8373.81
1070.9
13887.4
17781.5
19920.6
10330
211.577
141.411
12463.7
18324.9
20011.2
17318.8
570.126
17649.3
18924.5
20957.7
4319.94
218.853
165.693
18881.2
19391.4
10503.4
19444
11065.2
589.133
36.65
7557.12
5212.58
330.54
48.1645
101.755
40.535
20284.6
4354.24
2.24848
71.8221
18522.4
19265.8
11178.9
1641.53
2458.69
45.5746
3791
90.9795
21001
2378.97
19670.8
9802.84
205.556
15.8311
18229.5
9253.63
4649.98
194.865
2189.61
20255.1
20116.2
6028.7
1152.63
19753.8
11350.3
144.171
14.4515
13326.8
16851.3
20452
5191.99
17048.5
6180.51
16163.5
1.55564
1.69883
3.23039
4.28922
92.6255
20357.4
6295.59
17183.7
20924.7
4076.41
3.56245
0.780799
40.0096
29.6441
17847.6
17842.3
20295.7
181.766
29.8008
19208.6
260.801
73.1894
11138.6
443.763
152.35
17188
171.914
62.0204
14256.5
687.684
61.2498
0.176084
65.1898
8586.45
3436.9
276.887
1938.43
54.8603
20988.9
274.891
9550.39
177.391
288.031
18132.1
14430.9
441.984
11037.3
18684.2
21880.2
908.576
14530.7
227.616
565.043
14808.2
18205.9
20554.6
251.942
10804.3
1630.13
12935.2
21591.2
72.9027
34.1444
45.9244
2852.32
14013.9
1696.46
213.472
18494.5
556.427
18646.1
20116.1
9010.35
1089.66
17332.6
13598.8
18577.7
14717.4
20037.5
7225.2
25.7119
21021.1
2780.23
278.359
11987.9
16767
210.86
20.647
21202.9
1702.86
20071.8
4403.73
932.934
266.747
18833.7
11347.6
20521.2
20634.5
4043.95
67.6088
136.728
18796.7
12601.2
21206.7
2053.59
176.316
66.3146
19227.9
13623.2
120.229
19759.4
7864.28
643.041
15.9253
18411.8
185.756
109.866
20147.1
5150.89
1302.26
20718.9
5373.98
21636.2
657.673
7644.36
353.219
281.734
17607.1
18932.2
18443.3
18715.6
19751.4
6471.94
1754.09
18905.5
19136.4
12549.5
21199.9
1.14011
119.616
17901.2
28.1448
16365.2
49.8088
19499.5
14392.1
20046.4
7505.81
212.671
200.775
156.908
20343.9
5728.25
20393.7
7971.97
17457.3
20359.8
6030.43
11944.4
7752.19
129.043
72.0917
16508.8
295.857
17241.8
18220.3
21311.8
1296.66
11691.1
2390.69
19570.5
10623.2
952.191
20375.8
97.8286
18764.7
249.841
17943
13816.8
868.51
18899.5
12587.5
791.033
18675
12603.9
19629.4
17752.2
20515.5
5826.28
20284.5
6597.06
20841.1
52.5636
14867.8
6473.19
20123.1
9879.77
18951
10767.8
20916.9
3202.55
19079.7
19250.7
9390.56
552.405
317.383
21061.2
2389.36
329.588
3.35322
82.237
17781.4
18534.5
91.2085
16.6983
65.5437
45.8499
20208.6
84.9296
50.0334
74.7817
21575.8
1820.32
6290.77
14396.4
41.0537
21203.7
2296.83
17997.5
20405.4
2992.72
18400.9
20599.8
3409.33
18233.5
16171.9
62.4882
47.3096
24.1702
18605.2
12912.5
20734
3744.6
17.6739
32.2758
158.245
15.1546
18700.6
14901.3
21507.2
971.607
14934.9
501.03
21081.7
2397.99
22067.1
19904.3
7943.57
20948.7
3312.41
8701.91
18089.1
21587.7
35.7787
18283.2
13262.5
19674.7
7159.67
20300
21526.2
140.789
18017
19382
11907.7
477.506
19972.6
5664.47
10506.2
3004.55
14846.7
21465.7
445.684
20651.5
5547.98
16727.4
18350
16689.3
17676.6
17287.8
18786.4
18690.5
14627.1
111.37
18694.5
16315.5
0.585608
65.5942
20883
4183.85
10999.8
296.034
96.2404
13.1183
18765.1
13539.9
11196.2
18131.9
18433.1
18455.2
10.7408
70.7755
16117.5
67.2832
50.5854
59.9571
20157.4
8726.46
19150.9
20384.2
166.015
19911.5
7196.22
16603.4
36.4625
19934.3
9210.69
4872.79
17946.2
12672.7
713.457
205.024
8749.86
17951
19134.1
53.5152
21294.9
2450.01
21198.1
3947.96
13298.9
34.7174
18622.5
18858.5
10658.9
1390.61
20384.9
16905.8
21597.7
17089.5
19415.4
9234.35
371.672
17819.3
20484.8
17167.3
19057.3
9574.05
1643.22
18617.4
322.172
20931.3
20344.1
5766.1
32.6574
8.49016
56.6806
8978.27
16455.3
79.1657
27.9702
209.657
127.378
15758.5
18509.7
19248.8
18204.7
18494.8
3715.39
615.065
11777.3
1722.05
354
297.075
17164.5
18176.2
19379.4
9233.65
664.115
11133.2
1028.16
16544
20232.9
6904.89
19274.9
8610.16
1481.69
18836.8
20377.8
5088.17
17306.4
21285.9
2500.48
126.375
19110
10812.1
1662.16
357.798
4.20149
12.4321
53.0972
21060.1
4058.08
62.2086
31.9309
29.6073
11.8561
59.377
14127.9
533.244
20961.1
3241.14
369.479
16749.5
21219.4
2669.13
12202.1
936.238
18.4532
18231.6
18183.4
17994.9
20107.6
7740
734.65
343.19
17128.7
7147.06
190.067
19402.7
11252
63.8666
19464
11760.3
17485.2
3466.11
23.6639
19626.7
11428.1
19152.6
11719.9
9793.27
18959.7
12344.8
1175.43
4854.9
971.363
17559.9
19461.5
12496.7
184.676
19683.7
30.4483
19914.3
8623.08
573.802
19163.8
830.923
40.0556
41.1192
15539.1
18603.8
17915.4
17450.9
19932.2
9413.37
18182.5
18236.8
1807.76
10219
926.886
17899.3
19324.4
7620.01
616.982
61.4006
3632.9
19553.9
16659.9
21117.9
803.633
424.412
192.315
67.5325
20737.2
4068.61
596.357
2.77933
83.6287
21848.1
299.618
17830.7
180.83
12728.6
20975.5
3352.17
101.561
155.147
19183.1
8016.96
1736.34
383.441
21432.8
1788.06
8372.43
665.495
1.35311
63.315
18815
12336.1
2181.51
57.4485
20557.6
6692.65
19604.9
18485.1
20224.1
8201.44
836.565
307.629
18030.6
19092.8
1944.52
168.379
39.0959
8531.53
669.376
353.789
19436.5
11198.5
165.254
16707.5
20547.7
160.113
1.43124
0.986251
78.6073
40.7663
18619.6
13046.5
794.768
522.751
19620.4
6939.74
158.231
66.8609
93.4525
4074.81
115.464
17403.4
0.147931
20.5287
71.7705
19782.5
7729.06
1538.41
17362
21278.4
1274.47
17769
17717.4
19792.4
8089.03
12297.9
21125.3
1015.48
24.1328
41.6161
20563.1
4967.08
21339.5
1899.06
20036.1
7832.61
12971.6
663.915
18729.3
19697.3
20108.7
21655.5
681.332
226.225
19331.6
62.737
0.0464919
15.5736
57.6173
2894.49
133.402
61.2479
18500.5
11977.1
3261.4
40.2281
6199.61
8.60324
11.2094
62.7537
6152.33
913.636
17881.9
19276.1
10799.8
10161
16519.8
20651.1
1744.84
558.34
34.411
9310.53
20585.8
4672.57
968.693
8502.53
1478.74
10885.2
806.642
18261.5
9385.42
342.57
18649.3
13005.9
1877
14721.7
585.478
133.092
18623.8
13240.7
1012.05
163.654
108.952
19914.4
7673.55
5563.06
219.709
3.0198
0.876469
1.79232
44.4729
21.6761
21592
1115.99
19294.3
10968.6
2948.98
18555.5
9608.13
765.605
123.38
21013.9
2551.08
10143.6
19317.1
8286.85
1948
16.1813
60.4674
3121.97
179.559
17126.1
16618.4
17814.9
94.5317
87.6119
11823.7
20481.2
7602.86
21731.4
18736.9
17872.6
10569.6
21421.4
230.625
379.831
18874.5
13794.9
290.018
26.7919
68.2651
18828.1
18400
18957.9
15167.6
48.3782
17229.9
27.9354
34.0679
89.8276
17132
245.425
6040.41
20804.2
3745.83
17944.1
120.874
21266.9
1797.6
96.6307
162.421
27.3992
21863.6
19100.8
19956
7478.52
21418.5
988.616
73.4466
1199.21
206.843
171.442
21858.9
19847.3
7985.74
1034.43
8531.61
1449.36
405.507
20909
3155.87
689.453
18650.3
18808.2
12585.4
2160.04
20549
5047.04
16427.2
20.6163
20076.2
89.7488
222.623
18149
17775.7
20088.9
381.742
20917.2
2288.54
18413.6
19431.2
11962.9
14035.3
14835.8
14254.4
16827.9
19562.7
9155.58
1312.91
18094.5
17042
20663.6
6580.65
18030.5
18276.7
97.0535
21517.5
1092.3
464.446
21616.2
1468.01
20391.2
5653.29
605.067
13161.1
18374.6
19308.5
12467.3
19495.3
8487.71
1194.06
17074.6
10585.8
25.177
20685.3
4869.71
147.109
458.334
21561.9
1781.02
9133.86
4027.16
17977.1
465.787
18211.2
19435.2
19847.6
9515.02
254.758
147.235
17.9807
10269.1
4964.37
19.2998
152.404
94.3381
20223.4
7844.67
20344.7
155.909
82.8888
21369.8
1516.62
93.2102
21205.5
3374.41
13828.8
1416.36
85.576
13501.3
558.982
208.447
32.0834
18173.6
61.2989
34.3543
17941.7
17724.5
917.059
18145.3
265.781
8955.59
151.622
27.0747
19410.3
9434.53
243.309
40.4028
166.511
59.8301
15196.1
19201.6
8968.33
19648.1
8849.35
18960.8
12738.9
1795.39
26.938
85.3682
19562.6
9626.57
18897.7
12201.5
16946.7
6507.3
229.785
62.3179
9565.93
282.444
95.8967
21705.6
1838.74
21911.8
2263.29
8897.41
21111.5
86.68
60.3616
19651.8
8700.51
513.628
13090.6
131.218
0.0103093
1.16697e-06
0.00391249
16.2421
52.0872
21624.7
1142.42
19667
9566.88
653.405
13961.1
11348.3
18032.4
13191.3
20475.7
36.1528
121.94
10571.5
17580.3
20669.4
3504.85
59.7516
7375.38
896.59
64.5487
20889.9
1648.86
105.89
43.1275
20919
924.682
878.807
60.6372
18018.1
17884.9
18350.8
18855.3
19734.2
8213.15
481.658
2.8275
15.5813
72.1619
30.2332
17291.6
19495.8
6295.58
3660.18
13877.5
1273.26
15561.5
18134
18738.1
4647.96
517.926
17415.3
20236.4
7189.28
20286.4
85.4625
20464.1
6544.49
8878.01
2491.67
20428.2
4804.13
904.942
18616.8
19152
316.397
20934.5
3042.76
19581.9
8473.89
16631.4
18602
18741.6
13845.8
457.763
5.80187
5.93167
137.107
495.935
193.998
19731.3
10829.2
8224.6
156.238
8391.61
1009.83
18323.7
16319.7
21613.9
123.079
352.999
268.123
5863.45
113.054
16063.8
18722.8
12840.1
17252.1
12899.3
594.691
4632.87
896.573
47.9457
17097
76.8131
75.3608
106.971
20008.9
10375.5
21404.8
903.709
17015.7
20864.8
2355.8
277.825
117.003
60.2352
21.8261
57.8801
37.4061
14278.6
5588.3
8158.75
689.174
174.344
19770.3
20513.6
3918.91
255.215
169.993
20854.2
4089.87
592.932
264.985
21043
3754.98
85.7857
161.387
16844.8
20836.3
3527.21
815.742
4903.2
60.782
61.0571
247.522
43.6642
19557
10468.1
9167.29
893.754
136.016
18279.5
13546.6
240.597
4.20448e-09
74.1975
19474.3
1.03053
35.759
12.0445
0.189641
73.766
17590.7
8994.67
32.1422
2.65485
121.892
1304.88
5521.96
11826.5
337.197
6647.03
20344.6
168.524
21630.6
17554.8
13159.9
20606.9
5881.48
9302.77
17186.5
12.959
20322.1
20021.1
6894.8
304.722
202.603
31.9423
179.039
25.7828
10272.4
1483.23
17613.6
18746.9
162.723
10.7092
72.161
19390.1
10357.2
4811.44
18245
17967.7
19365.1
9707.99
20081.2
5500.18
2136.55
16756.2
17479.6
21909.6
31.3264
0.347004
0.0248702
73.9493
18432.3
14589.9
20013.9
5454.87
2399.88
17996.3
18214.3
17551.3
223.404
5405.84
1453.43
19192.5
10491.3
10451.6
572.88
117.602
186.879
19787
51.1736
21385.4
1762.65
113.268
19751.9
7737.72
14463.5
1374.38
20797.9
20062.2
9881.84
4087.98
19922.3
186.167
75.1908
18627
10.2885
160.575
45.7294
14368.3
10721.6
17796.5
10442.4
172.772
21420.3
602.928
438.32
189.238
91.4947
16346.5
19569.2
10717.2
14254.1
1643.56
19085.5
20357.8
5141.75
655.135
18544.1
4051.14
21403.9
830.044
2.45418
171.416
20584.5
77.3823
20068.1
8405.4
503.569
18586.3
19778
8783.37
7618.12
18189.8
10344.3
15604.9
20207.2
20835.1
1892.15
650.097
20491.9
5181.99
3.68771
17.3605
74.5162
20097.1
9067.84
13909.8
17894.6
21830.7
2.63696
77.0601
3936.27
215.255
43.9123
19790.8
6242.38
2024.74
2.32278
80.6423
19863.9
10169.3
21182.2
3369.92
185.703
253.906
38.0103
18979.9
15222.7
19469.1
8168.3
724.684
0.0777585
65.2462
17383.6
21219.7
9195.33
17569.4
20309.5
7.08948
75.76
17508.9
21848.6
15351.8
1089.91
178.91
7.41263
62.5596
430.812
385.574
133.562
126.757
14.5556
59.203
19592.9
10328.6
9096.09
18282.3
17775.6
3906.58
25.5442
103.076
18319.3
19596.2
21.4714
15288
7023.05
231.422
18.2339
21246
675.704
272.634
171.332
1345.1
20366.6
6052.93
16756.9
19639.8
9850.35
20271.7
4975.29
4.1323
20.7058
30.0868
0.00274341
10.7993
64.1628
11463
19570.6
10639.2
272.825
17878.1
11305.7
1276.41
527.463
20595.5
16663
20071
8401.51
9119.64
14875.8
19350.8
9931.07
19733
6613.26
1071.41
14172.3
556.701
415.53
19919.4
8025.64
21017.7
264.053
46.2999
16888.7
19046.2
12774.6
1564.87
143.685
135.769
318.706
18665.9
11721.4
12557.6
21065.9
2948.42
21277.9
2180.07
495.406
27.4221
21059.3
3412.12
6.41198
13.3925
53.8122
15952.7
11942.3
375.26
302.05
29.7014
12920.7
115.021
44.4339
19549
8195.86
12573.6
18242.9
19858.2
10903.5
20311
6728.54
583.829
18452.6
20332.2
8366.62
19490.8
8841.21
8615.97
340.424
67.667
96.1948
19801.2
10166.7
17935.8
21831.3
56.0804
12151.5
7109.97
14564.2
18392.9
21666.8
1526.48
18159.6
16548.2
18937.3
58.5396
303.377
19485.3
9224.88
19065.2
10765
17698.8
16375.5
18538.6
20884.3
0.000992324
2.63734
61.7106
18352.5
16451.1
919.244
201.668
21769.3
479.936
18146.1
19215.5
11992.3
990.224
16969.2
20292.2
5830.15
17859.1
9351.16
147.589
20.7319
56.9914
54.7122
18395.6
16074.8
20870.6
4168.28
15621.5
264.773
17.0122
3504.61
85.3432
73.9353
17458.7
20041.9
20423.7
5355.31
1108.18
19149.6
11655
14894
5898.88
327.798
43.1781
7996.01
10184
18312.7
18068.3
18762.8
39.3323
19351
10706.4
18853.7
20301
6158.85
275.932
3757.1
94.0573
15.6652
72.9177
12937.3
466.353
11326.3
17726.7
18768.1
14126.7
11943
15960.2
3.19742
8.95235
72.5366
19385.1
10814.2
17903.2
18316.2
9852.89
12267.3
2647.64
18878.9
21514.2
1099.51
93.0288
21.3023
50.2156
3102.75
205.547
21064.6
20043.7
163.718
16.8279
84.8184
19619.2
129.42
6759.63
10415.1
19723.4
6664.96
457.192
61.8791
14796.4
19549
8317.98
21400.3
2765.74
429.628
18593.3
12076
1175.23
9517.36
14675.3
114.913
171.592
19544.9
9444.64
18676.6
21240.3
2877.02
98.3141
25.4052
106.527
17255.2
13774
20778.8
4367.17
18961.7
19043.8
13780.3
1817.75
62.6018
18737
16327.8
166.2
18831.7
21113.1
1454.15
133.783
4.24622
44.3653
24.7019
40.7404
11072
700.346
177.233
72.2722
56.2662
21248.7
961.269
21519.4
39.3071
20786.3
34.2747
368.264
12.6332
20218.3
5033.92
123.931
28.2264
9661.44
1888.96
17889.2
19042.5
11895.1
2505.7
13081.2
1243.47
603.754
40.0371
109.956
19001.2
15069.1
16248.2
3979.99
827.45
17766.7
17302.2
20663.3
13940.2
2745.25
17075.1
18857.2
10578.9
2009.26
17148.1
20817.6
4224.55
269.277
14117.5
1018.25
12510
1838.9
791.077
5652.57
61.2172
18761.8
18793.2
159.126
18970.2
8944.95
420.756
17104.7
17662
18333.7
16696
21420.9
2942.27
416.651
13.6141
11231.7
17842.2
19149.8
9987.45
953.637
19165
11777.9
20430.7
192.159
13.1192
16900.9
19601.3
7486.94
609.306
345.104
19829.4
7889.72
6498.32
27.1467
20160.1
8850.41
64.9551
118.866
35.2255
20711.7
3161.37
4.1967
142.435
14.9778
14608
148.109
11352.1
15931.8
19097.3
11771.3
7210.89
289.317
130.797
48.885
17713.8
19757.7
8807.03
21786.9
20497.1
6582.02
4445.64
263.786
249.281
17385.3
21359.4
2594.36
21527.2
1709.59
23.6719
19272.2
10423.6
20465.1
5894.4
17839.3
20870.2
60.9281
11428.9
34.1504
49.6765
73.8588
107.484
2.83046
69.3378
20215.5
11341.9
21732.7
184.224
17232.5
8923.02
20526.4
5318.22
717.806
42.6477
18153.5
19909.4
7877.16
4672.02
21550.2
981.705
20618.6
2236.13
741.024
19124.9
17675.1
20416.5
4672.77
141.934
20530
35.9442
7666.71
19791.8
8393.54
19878.7
19196.6
14023.1
6756.64
21492.1
512.761
7.32135
382.742
61.2245
7293.16
13298.2
18988.9
21193.2
20461
5862.27
20699.9
3194.87
20554.3
153.256
18106.7
20144.6
19204.6
13145.7
18992.5
15863.7
20269
21616
527.794
21415.2
1583.82
12350.6
1083.59
41.7925
11054.2
21612.4
1054.05
9459.15
318.564
88.3208
262.541
18535.8
15152.9
21066.5
3841.81
350.526
5347.94
170.538
14.6104
20151.1
6950.2
20378.8
6470.9
122.18
80.9652
94.4771
66.3311
16427.5
19945
9986.93
17372
5368.22
145.345
7.8277
79.3293
18687.9
12.6666
18529.6
63.5057
20641.9
4910.26
87.5833
169.027
12781.2
1450.22
213.884
20695.6
2621.1
600.272
19550.3
10244.5
19205.2
9120.58
14633.2
20391.9
4006.67
468.835
118.819
11537.9
19185.1
47.2933
18296
14281.8
21206.1
4725.79
13644.6
871.645
21052.3
3044.62
61.3932
14333
1351.41
100.32
53.0867
17451.1
7523.24
620.777
9869.39
3843.22
19955.7
7794.95
21636.3
16085.4
264.614
15916.3
20959.4
3922.24
13.1745
18505.3
16326.5
245.322
13825
2008.11
19302
9619.34
7.89255
471.727
18847.3
16545.6
18027.5
17456
73.3793
20946.2
4511.63
17167.7
18908.4
177.037
20977
2852.92
18867.2
19729.5
8868.32
972.152
19622.2
9162.16
18792.5
14112.9
1295.14
72.0215
6273.14
109.97
5122.66
500.607
18293.5
18261.3
4857.57
501.452
21256.2
3023.26
16973.4
3320.84
1591.65
15187.1
16614
20865.4
3817.43
527.841
4542.51
2076.51
17936
20095.3
5780.39
1087.34
37.8028
63.6983
19117.3
10932.9
2423.91
20130.9
20853.2
3381.51
20803
2364.15
1107.27
18920.8
10315.4
20763.4
3047.4
326.516
12377.4
5162.6
18690.7
189.752
16343.4
41.589
17193
128.437
19420.4
9477.23
808.023
20005.8
9026.7
20547
3765.83
1254.66
21472.8
493.096
14.7407
19957.6
7241.33
17294.6
18311.9
16603.8
403.36
19315.1
18353.1
18083.3
18498
14347.5
19487.3
7814.41
1971.11
18890.1
18357.1
14851.3
9258.35
13827.5
1214.08
183.859
25.1295
59.5413
20004.4
7601.42
1473.98
511.382
80.3725
902.415
17725.1
21963.4
181.668
69.4265
53.4015
19152.7
12634.4
17170.5
11942.3
1857.01
313.851
9786.08
1703.26
15725.9
6939.06
360.065
4.67097
68.2243
11170.9
1462.08
46.8031
18916.2
12997.1
17498.4
5655.2
302.298
39.3805
136.083
18790.3
14033.1
18317.8
17207.6
20320.3
21061
2284.21
18028.2
20722.9
1584.84
20110.5
7358.89
48.8449
20155.3
5916.96
331.271
19193.7
16847.9
4392.92
22.9356
3.28955
104.917
13683.5
20119
8092.21
19240.7
22.9885
34.8811
113.298
90.652
20469
4459.4
7038.93
1240.45
17825.8
20034.1
7730.64
13051.1
9759.9
694.234
18161.1
16489.6
17220.8
19256.8
10231.5
358.068
15.6301
58.7919
17294.7
18774.6
3972.72
607.741
3016.62
18024
20569.8
6491.04
64.4254
20627.3
3404.74
9908.21
17606.1
21330.8
1672.8
17980.3
17560.7
7268.12
19976.2
8412.89
19789.6
7138.07
18095.5
18508.2
21214.6
1497.28
53.8715
89.6587
21.8547
20095
6696.88
704.619
18.3899
53.5672
3908.24
437.875
55.6226
20830.9
4194.49
21037.4
3813.09
9151.84
9580.74
20533.7
1394.83
21207.6
362.788
17336.1
17108.2
20780.6
4359.94
408.624
22.8107
19.9164
45.9856
17968
16911.5
10660.6
994.732
21289.2
2356.95
19014.9
13497.6
690.467
16260.8
122.406
97.4487
110.598
18409.5
16842.8
17983
18156.3
45.3101
4.81427
92.8451
20028
7041.74
18004.4
19761.5
9460.88
270.842
20725.4
2955.92
169.763
100.633
18703.8
16111.7
133.029
40.6279
19917.1
19385.8
19699.1
8649.56
19406.8
9313.16
1858.18
18754.4
21900.5
14935.8
11798.7
436.682
18091.6
21560.8
45.4369
18226.6
16325.8
97.1573
26.9098
6932.51
1207.33
18725.5
20759.5
3706.37
472.043
14356.8
130.359
66.1377
76.0587
9876.18
20508.9
5381.83
45.7802
6046.5
462.653
131.744
28.0554
34.6365
52.508
13945.3
21246.4
2067.25
56.0509
19808
7567.09
639.44
19071.4
13455.3
20444
11642
2777.65
19207.1
288.91
0.0560403
93.7443
19974.6
7239.11
380.912
8955.66
423.939
252.265
8097.88
2598.62
20823.8
45.8282
50.0044
27.3484
5412.71
937.356
20461.7
4173.15
917.697
13429.8
2159.65
3290.01
550.954
5911.53
951.288
0.237786
1.15802
13.3145
61.8337
18473.1
12597
3631.57
414.498
5038.26
42.5294
11515.8
18272.3
13307.8
2378.13
17381.4
17644.3
19594.7
6958.62
20502.2
5849.25
21072.2
2088.68
547.827
19965
8634.76
18062.8
14793.1
115.231
92.4082
19511.1
13701.7
305.829
61.11
17543.3
19516.4
98.2165
702.823
352.385
27.8769
10885.1
2034.36
32.9892
19650.2
9101.61
15244.4
21508.9
501.646
10107.1
17040.9
21379.1
3666.1
1944.31
144.297
16381.5
20452.2
64.6967
40.4432
20318.7
93.8375
90.4476
58.76
20409.2
7704.98
19106.1
11824.2
18278
17327.4
211.185
19469.8
19149.7
8547.35
1211.76
196.374
5304.74
19729.8
7954.4
15481.4
743.013
18510.3
5534.67
11658.7
18649.3
16765.6
7961.61
713.294
18992.6
14261.1
762.759
18358.7
21016.3
2695.08
18428.7
10420.9
19221.2
10295.8
1710.67
15971.3
298.129
19173.5
11719.4
17827.3
18718.6
13452.9
1390.26
18854.1
18645.3
18844.7
12560
17803.6
21357.8
761.935
21112.3
776.027
207.283
18.6382
18665.2
9862.34
148.247
21218.3
963.088
19151.4
253.996
57.5214
30.4124
17469
19899
135.459
21559.3
829.44
0.995256
0.713564
3.10604
87.4404
5529.59
1659.15
19482.6
8857.4
1549.21
10038.4
16193.5
3725.82
19637.3
9673.53
109.292
48.9943
13114.1
34.7186
116.762
21071.8
2670.19
17768.6
17552.5
6435.24
791.157
18909.3
14126.2
951.503
114.882
35.7001
43.5219
9907.98
1248.48
8951.58
1441.81
26.7287
42.7576
10816.2
683.857
16691.4
18252.1
17784.1
20564.3
11.6619
20819.1
3412.22
757.533
17846.9
7995.93
20564.2
3980.06
1037.42
16.8757
14506.1
58.7131
18935.3
15530.2
167.145
134.811
17515.1
3.55045
5.87996
90.3398
18054.3
20049
7762.63
21153.5
51.4014
19556.4
11288.9
18492.1
18571.3
16434.2
11.3112
2323.31
19093.6
21039.1
3147.29
17190.2
19101
12136.9
21058.3
3453.76
9962.51
9.43905
87.9788
8589.09
1023.58
17720.1
17580.3
246.462
41.4639
53.0216
11974.4
843.226
17889
12680.4
2063.18
20929.5
3476.81
265.719
489.416
17286.8
0.934522
66.6843
8349.82
20229.6
62.5575
183.679
21361.8
1181.31
29.1585
86.9579
38.4923
18986.5
20362.4
7573.81
20002.2
18404.3
13.3717
20145.8
5797.34
473.063
11916
21495.7
5899.06
266.67
20773
5035.63
21071.2
2139.68
18477
20267.8
6238.06
17277.6
8931.67
2769.07
18357.6
21291.2
2359.7
12.4566
4415.02
17848
7764.22
15712
18170.2
19290.4
11410
51.4355
31.3106
21042.3
4693.79
20894
3699.97
19302.6
10676.7
19299
10209.8
508.766
190.695
20950.8
2804.77
313.199
39.7415
20231.3
4445.17
1605.68
17336.4
19978.7
5067.01
205.1
24.6916
5673.06
801.624
18188.4
17683.8
18596.1
413.143
21043.2
352.551
32.4721
49.298
20237.7
217.276
18.421
18401.3
14229.2
17461.9
21303.9
1388.89
20674.3
4591.72
500.668
19043.2
12642.4
19631.5
8781.9
21187.7
1421.68
20104.9
336.324
6.29128
66.4256
13.1069
19166.3
21374.5
1505.47
177.485
56.7888
23.721
13077.2
12600.6
19552.9
11857.3
20079.8
17364.4
18717
20478.3
4192.59
779.344
80.8066
101.969
21709.1
358.943
9520.06
0.790497
39.4873
32.7525
3291.95
165.236
5528.88
0.0128535
80.2806
9862.04
20277.4
14771.4
21403.2
1177.56
20120.7
6753.77
20958.7
2900.58
640.859
12244.2
500.345
38.099
117.367
10148.3
1774.05
19153.7
10116.2
895.369
148.202
19974.6
8244.06
17316.1
20777.6
18721.6
19105.5
4114.96
78.0618
54.5779
20543.5
5563.84
119.261
1653.01
116.407
18.5089
83.3133
17823.2
6848.97
15935
19483.2
11508.8
17997.5
212.713
16662.5
8219.23
19481
11671.1
20392
237.204
21033.7
1745.49
390.495
21788.7
18248.4
20678.5
5299.61
16331.8
137.075
19351.7
122.38
20500.8
5008.82
675.375
14869.3
903.581
21187.6
1355.42
9965.25
21107.7
1979.27
55.1912
7967.16
337.44
17560.6
18073.7
19399.8
935.904
17838.8
20976.9
1644.66
298.98
11525.2
17722.2
20502.5
4702.34
887.891
464.158
65.0076
0.745694
64.2943
19991.2
8464.19
159.769
178.872
11.0903
16690.5
17990.6
92.7124
22115.1
670.787
17058.2
16863.1
20280.9
5113.64
20150.6
6793.89
18490.3
1445.79
342.651
17388
17582.2
20475.4
5978.28
155.524
17779.2
15282.3
20644
158.122
62.6946
18900.5
14846.4
15661.5
54.1142
21745.5
2053.98
20160.4
6394.79
870.35
8137.27
1196.54
20442.3
5319.9
677.028
14107.3
1340.18
13990
17136.8
11830.2
1704.68
52.6996
19616.3
8577.3
17900.1
273.728
19101.1
13525.4
6111.54
18023.5
20152.7
20600.2
5307
16616.4
20386.6
6651.65
18708.4
21741.4
1332.39
1.95879
100.717
19991.9
7293.84
38.3154
20932.1
20822.5
12082.1
3699.59
20049.3
8433.71
18325
16790.5
104.845
13.9348
18221
20385.6
6377.75
610.55
280.491
48.1002
6767.46
10477.9
1484.77
19842.2
6814.18
439.941
308.372
14585.1
18163.6
21770.2
1050.6
57.0942
10.5665
9.23787
57.36
17887.5
21020.3
171.308
20342.1
40.4175
21922.3
669.751
10032.9
605.862
18822.2
17497.1
4214.64
20202.8
9117.89
20845.1
3528.4
231.28
34.1013
1822.65
356.708
46.9231
17945.2
20615.7
12362.1
21185.3
2585.62
18655.5
14874.3
1532.25
17.7956
11975.6
21091.4
0.401213
13.2603
52.8469
13485.3
21073.6
3513
244.093
21041.1
1956.19
1227.14
69.3989
18658.7
7942.52
1270.85
18575.5
19186.6
9096.84
774.133
11756.9
163.481
39.5821
54.8816
0.0159078
1.79787
64.0374
21282.1
1308.82
20194.3
3653.11
17562.5
21146.7
243.155
8713.4
21682.3
217.622
37.0899
10478.6
303.061
17937.7
19.9829
6365.14
18791.8
14384.7
19762.4
9249.29
15299.1
18037.9
20035.9
7312.35
17881.1
14129.9
1252.09
45.8566
29.4707
56.5917
19036.5
13348.6
18359.5
19993.2
6230.27
107.682
8252.02
20972.5
3107.92
18472.7
21902.5
426.685
18369.9
14213.6
1214.87
114.245
19286.7
11124.2
11766.2
20073.1
8854.93
18706.7
10986.7
4191.33
17454.4
9914.21
18516.7
20809.4
4676.22
16801.9
6885.06
631.538
18490.3
8720.31
8313.98
1161.5
18623.7
13.5349
27.2509
8.58909
46.6326
60.7454
1128.22
14.363
21407.2
720.876
49.2282
17252.8
21141.5
1996.02
530.421
20709.3
3926.5
400.786
1165.1
21536.3
1724.15
20018.3
6559.26
18801.1
17335.2
19819.8
7771.36
459.58
20441.3
4882.71
11709.5
665.267
116.854
30.3862
60.5432
19124.4
17944.2
20150.5
5928.09
9643.65
1803.09
658.873
114.542
20271.2
5694.65
25.0469
16242
494.969
284.98
13818.8
1440.47
269.355
16752.6
399.477
5217.73
17846.9
15563.8
6768.42
20646.5
4146.72
307.399
385.049
28.4027
7890.69
115.792
17.5206
19850.8
7719.86
1269.57
5767.5
133.491
42.6097
8753.94
2703.31
21249
1627.01
20539.4
3499.24
32.1935
17791.8
18455.1
12277.7
3558.73
13572.9
2179.3
11994.5
12756.8
8503.21
1303.32
17979.2
13083.4
552.027
19860.5
8579.33
41.6117
92.4151
16310.5
18855.7
18625.8
12296
18275.6
14430.5
1090.46
77.4219
2.20641
0.414046
72.1258
20201.1
6063.37
672.434
8172.37
21576.1
1328.82
11.0363
16725.5
17973.4
16871.6
20262.1
5024.15
20568.1
6828.96
19330.3
8558.83
9537.89
18921.3
14695.8
18942.6
15852.6
16981.8
20904.3
2874.52
168.152
67.3559
15.1085
7.60537
0.834007
46.0178
52.092
19688.3
18233
20876
3761.59
3177.06
77.7556
8.23188
19780
8675.59
19088.8
19298.9
9596.89
772.738
470.144
16621.2
18720
12631
1362.42
17597.7
21309.3
373.234
18012.3
150.532
87.3532
116.821
17183.8
9746.12
717.87
17135.1
19427.1
19586.3
6926
2203.64
18012.2
16936.4
120.859
54.9979
494.327
20947.8
2613.13
18200.9
20629.8
4371.35
397.698
126.735
133.742
21162.5
1201.62
640.555
2.60013
35.9322
43.7469
18987.7
12083.9
17307.3
18406.3
21645.8
1058.53
21182.4
1407.8
18779.7
10096
2554.52
138.041
12.5509
17663.5
18573.3
12149.4
19335.8
15078.1
16297.5
15779.2
10743.5
11218.1
21496.1
1896.07
111.669
64.5873
18929.4
13327.8
463.828
11.658
5.06187e-11
66.3523
20111
21489.3
452.794
18638
20102.3
7346.22
237.405
7331.28
815.818
12727.4
11806.4
187.364
20613.1
5811.67
537.682
19006.9
10403
7985.9
0.284767
0.0136067
42.8221
24.2029
19002
10246.7
2666.69
17018.5
11381.4
2600.54
20442.1
6487.9
18580.2
21192.5
20418.8
8771.23
20280.1
5733.65
1039.47
97.1715
14.4548
18330
13748.1
16489
237.631
21250
888.721
406.767
7393.25
524.443
149.579
16.9123
19260.3
388.536
17468.8
20315.5
5599.12
16264.1
80.6084
19604.8
51.7151
10785.8
1921.43
0.179174
2.47218
76.4517
20627.2
385.358
17697.8
10768
16318.9
307.019
19368.2
10266.7
16711
11481.8
17741.4
12852.1
20198.7
10483.6
544.882
43.8751
15.4453
16.0681
25.9181
8.54428
69.2621
17.0027
13929.4
415.846
0.994927
102.401
17759.3
17856.9
21236
2941.81
20918.2
3527.85
17491
17105.4
163.979
484.843
18843.2
0.163574
14.2226
49.7372
49.5304
16622
170.28
13252.8
4802.33
289.71
81.574
61.5227
4.57163
1.28781
94.1053
19175.2
9553.46
2025.38
16876.7
963.796
16901.8
18871.5
8747.84
3370.39
406.584
242.54
3.57918
149.449
17844.9
17554.4
4722.33
124.359
8232.16
17015.3
19873.4
7058.42
234.761
774.5
17621.4
20643.4
3982.51
256.745
13311.3
16802.6
16645.1
8316.72
552.612
18892.8
13785.1
19145
12715.4
1047.68
19200.1
9763.66
231.779
21168.5
2148.59
6183.5
1057.13
1221.1
20.7295
20014.1
6845.02
187.483
11.9205
107.346
4730.85
11734
20478.3
4660.23
13399.1
21427.8
217.623
4610.24
840.214
20930
2777.03
532.421
74.1028
61.2854
58.8876
10614.1
21519.5
453.926
20457.7
7373.43
20983.4
20602.7
3957.33
15803.6
20603.2
5906.58
278.31
17686
18909.4
13043.2
17632.5
19167.6
9633.22
215.906
24.3877
39.3036
75.7192
19659.7
8613.83
690.721
7362.6
18725
19421.1
9368.09
25.0218
17642.6
15950.4
20327.4
5414.05
21191.2
1621.08
21385
629.351
17479.2
8644.4
1641.86
129.273
163.388
1.25603e-05
10.3437
24.2454
54.6102
12860.2
16152.5
11198.8
332.062
68.1448
66.3449
5425.95
387.843
17610.7
17106.6
26.7107
32.6288
138.797
22037.3
320.697
126.773
16610.7
19387.1
10403
364.729
9.28562
56.2184
20135.4
6865.65
9013.87
21145.7
1531
398.646
150.239
20712.4
4692.4
20715.5
6517.36
65.0797
0.340727
126.21
21235.6
4495.75
11672.8
20959
5624.1
21504.7
1640.06
254.282
217.359
20255.7
5371.35
20901.5
2821.35
20771.5
11777.2
40.8055
40.1927
17974.7
17180.8
20342.6
6111.17
362.934
14636.4
769.75
17550.9
1535.91
177.005
364.7
20682.4
3826.13
1086.29
14110.7
11050.1
1368.39
98.5428
11518.5
403.532
143.25
109.496
0.123315
73.8513
2780.05
84.2105
11.7876
18388.7
17209.7
18051.6
21089.3
2292.88
455.732
19781.6
1148.73
12.6279
96.0467
18694.6
15250.9
1480.38
637.246
9845.39
665.218
19486.3
11728.9
16835.8
9039.15
20595.9
3999.08
19960.2
7772.76
102.245
11.9485
6.76747
26.6824
77.7454
18826.5
13788
13593.1
17932.4
20809.2
2458.62
19020.4
20297.7
0.604137
95.6169
19687.9
7967.98
618.866
42.0364
21163.6
18993.4
23.4065
141.293
6036.31
742.104
19888.1
159.893
20018.6
22.9007
21677.6
1475.49
21642.9
2045.17
19334.1
8889.22
19262.9
8884.73
18065.7
16984.8
8.66561
89.5329
20211.5
7075.27
19170.2
18376.8
15651.3
18605.3
16599.2
17.1668
9424.88
9.34439
18362.8
18245.6
18115.9
20269
7954.34
814.628
349.856
19446.2
9942.62
1279.43
17661.2
12667
859.311
21.3479
51.4425
18460.8
18585.5
15322.4
352.333
34.0533
17716.4
18014.4
18231.9
18333.5
21052.6
25.1081
9801.57
282.19
21699.2
523.101
21356
817.587
60.2617
5.27402
30.9077
53.641
5613.04
18577.2
5217.51
53.0832
72.1608
20393.6
27.7973
25.2724
110.971
10574.6
122.017
137.77
119.182
17819
7045.27
193.019
88.3861
19934.9
7806.92
26.987
17147.8
6110.21
350.456
20.6546
19654.9
10496.7
190.165
43.204
19956.3
7098.18
508.486
17112.9
20832.6
4476.6
21330.2
19782.1
9393.76
21432.4
1166.14
48.0145
18736.9
18774.2
14809.6
537.657
124.377
12026.8
91.3831
77.2166
107.66
23.014
19343.2
8875.84
13816.1
18099.6
6877.78
17853.8
20801.7
3777.53
19586.9
6996.6
1632.43
17293.3
63.8215
17808.3
16909.7
19821.7
11855.7
20314.5
6333.65
578.385
19001.8
12844.9
17669.8
20878.6
20.6988
92.1135
18656.9
15050.4
19404.8
21627.6
417.509
20.5507
18139.4
177.1
19466.1
5022.86
3191.07
18792.9
18630.2
11539.3
14681.7
10382.8
17566.3
20155.9
7169.25
20872.6
76.9605
17637.3
21653.2
19648.7
11072.3
18443.6
3794.97
147.612
19836.9
11520.2
7028.01
1470.6
19570
9543.19
18763.9
15137.4
20993.9
3769.62
524.819
142.21
126.395
19410.9
9969.78
21202.3
1785.83
15610.9
10899.4
16347.3
42.3888
197.929
17700.7
19458.9
7501.8
943.231
164.835
167.44
7779.91
18526.2
17126.6
20760.5
231.377
86.5699
14.72
20757.3
4532.02
397.131
120.479
21473
2323.53
529.31
168.594
17444.8
17979.1
18418.9
13182.5
49.7767
95.6621
63.7601
12428.1
930.151
20199.6
18960.4
10702.8
1723.18
127.582
18718.8
4553.41
6512.56
2333.27
275.206
18528.2
12249.5
20564.7
6002.58
461.272
19133.2
14007.3
19128.7
9752.38
12749
350.396
104.935
5689.58
642.227
101.456
6795.51
20994.7
324.937
4261.15
175.577
18572.6
12347.3
1541.15
33.0494
21140.5
3396.77
189.139
19845.9
8068.38
2141.12
278.201
18587
18660.2
24.2025
92.1437
57.1738
19734.9
8766.69
18242
21401.2
1477.38
328.997
17231.3
15978.9
23.8803
20038.1
53.8
47.096
14909
18314.2
10066.3
2346.73
17753.4
18196.2
43.2473
18912.3
8076.78
32.2594
18777.3
38.0412
17363.2
18422.8
584.167
18514.7
57.2169
105.031
6163.68
19779.1
6741.5
16775
16715.4
14756.4
17752.7
20965.7
47.6994
45.663
21493.6
2206.45
17144.1
19140.6
9439.66
1110.92
13914.3
9459.4
2617.52
14055.9
10.2917
100.572
20582.9
4133.04
183.262
53.1862
18926.4
12271
17490.9
20698.1
3029.36
19612.8
9196.55
21406.9
222.224
18586.6
13404.4
1089.17
21152.4
2100.64
48.8995
193.396
18834
13136.5
1093.96
20315.8
7027.35
519.793
4641.38
54.6856
17846.8
531.571
18241.5
1560.81
14.5843
20686.2
4609.14
6010.63
0.941124
91.1092
20221.5
8791.48
872.08
17517.5
18515.1
15119.1
166.46
19.0387
19840.9
8485.34
451.144
20890.5
2587.4
16.7984
17086.5
15075.3
14751.1
15827.2
20006.3
20884
2821.69
20222.2
6192.52
18438.6
493.142
30.4923
8739.22
22.2475
163.331
18176.9
17352.6
19581.3
19098.2
8874.31
1250.18
19093.2
8706.65
2196.37
715.05
18770.1
13475.8
20898.1
4664.33
8900.5
1910.53
280.566
141.481
20603.4
3753.8
274.887
8.64761
17595
21357.8
764.933
174.548
19291.4
16926.6
20342
5787.33
18539.8
18885.9
21544.8
26.0084
58.068
21352.1
1641.4
67.6211
2570.58
1557.91
20180.1
6867.95
17337.4
19618.3
9182.22
19492.6
9362.76
1182.51
59.3816
22.9053
12022.2
263.391
0.944953
74.6712
17.9112
19533.5
9147.7
673.823
21266.8
2433.43
8.06884
13406.7
1022.34
102.977
18235.8
16703.1
158.966
64.7242
28.2238
7488.52
1363.24
37.6476
237.437
12693.4
476.555
6.63185
24.8915
42.9504
20952.5
4798.77
147.26
124.227
62.499
19274.1
66.9727
66.5145
19726.2
10549.6
19215.3
12314.9
2592.28
322.277
186.006
16303.8
12679.3
17599.3
14944
429.179
19446.7
10785
18277.2
19496.6
8223.87
532.785
7.45739
9.38796
100.504
18627.6
14716.2
1052.9
16958.8
724.806
19468.1
10961
671.995
21180.2
1545.02
21028
1676.76
20731.7
5519.02
7987.98
21048.3
3425.77
56.4572
18367.2
17514.7
17270.2
20999.4
4803.38
19498.2
9786.28
20918.1
12.3665
15083.1
682.298
10223.8
18531.6
17736.9
21062.7
12563.3
21159.3
2793.86
20283.8
5400.69
653.629
21138
6523.96
21057.4
3454
155.581
11.5177
16267.7
86.466
201.514
17427
11604.5
258.218
302.579
18609.8
14665
387.026
105.74
1.03012
0.0021843
75.156
21805.9
684.268
17605.9
6366.81
13444.6
810.403
16849.8
19657.8
7613.27
876.558
197.262
17635.9
19088.6
53.5376
118.948
238.665
11.0066
20310
20236.4
6787.9
20549.8
5633.93
131.76
21369
1830
239.607
18114.7
17465.5
13164.1
1490.4
178.784
16.8055
12464.3
19718.4
19627
9702.79
21073.3
3175.99
20812
3925.9
8.76686
17744.4
414.112
20.7599
20633.7
3562.35
187.862
29.8906
19212.9
10872.6
369.219
343.561
19498.1
8318.03
1298.99
17320.8
18143.4
21272.7
445.144
21187.1
1070.2
0.804305
111.142
11932.4
1251.93
9821.54
17840.4
17672.2
43.1595
20426.2
5983.94
18773.9
18473.4
18293.8
20577.9
5078.09
17188.8
19059.8
10789.6
358.843
389.954
17124
11459.2
265.343
81.3433
17880.1
18208.3
52.6771
19446.1
240.81
86.1472
2799.23
186.898
17239.4
2626.2
689.881
17902.4
17881.5
243.384
20926.6
3344.79
596.901
171.889
31.0688
19064
10034.4
309.676
14007.3
958.444
125.61
31.105
43.722
20364.1
5707.53
62.6424
24.0039
14248.1
70.5875
56.9478
17559.7
21045.1
3714.94
17351
19957.7
9310.1
20477.6
4535.57
162.262
47.2874
20912.6
2898.54
21216.1
1435.46
19612.9
7462.61
18685
13434.9
18763.9
8883.72
2573.6
18865.8
11156.9
2519.41
19497.5
8599.85
931.568
405.187
19909
6926
17179.1
4671.96
12099.3
19393.8
10316.5
18247.1
17684.6
20.0393
17515.3
19663.2
9221.35
9178.51
602.657
17.8154
56.7899
17643.4
20008.3
8007.04
1201.02
16846.6
10372.4
1774.84
17291.7
12141.6
19346.6
10111.5
1309.87
20178.4
17133.9
18702.4
14956.1
16808.8
170.92
65.0648
79.5458
58.0875
18848.4
16183.6
35.9537
9790.29
460.003
17405.3
18249.2
12973.2
12148.8
2275.45
418.079
18790.2
20817.7
322.642
14.7719
17165.1
17469
21231.6
1256.55
16555.3
20078.2
5520.68
487.023
49.143
44.4204
12538.9
329.881
53.2537
18653.3
17048.9
17832
15695.4
334.176
14168.5
21510.5
17678.3
41.3949
0.421391
109.641
9017.87
20423.5
5733.42
19692
5600.82
1399.96
132.003
18420.4
16296.5
21428.6
1980.67
18607
9409.61
19380.3
8723.88
1045.16
391.643
18890.5
11989.2
2263.22
13083
13840.3
19899.1
7036.9
1447.97
156.82
46.5885
4477.11
12567.7
3210.62
19392.6
10474.4
145.198
145.256
20490.3
5009.28
19354.9
392.295
18410.6
13972.9
19626.3
8972.63
855.8
45.0963
21273.5
1689.37
18640.1
17972.6
14701.2
20573.6
4095.34
13687.2
1064.68
20699.7
3576.23
73.4185
20964.8
4302.25
7836.17
229.043
50.1869
60.7617
20577.2
5466.42
54.2046
208.985
11.1668
21407.3
17129.3
21051.1
2996.45
18259.1
17234.8
18137.4
17465.1
17989.2
16871
103.881
70.973
25.4108
18643.7
13938.2
5097.32
18452.7
13234.7
19401.4
11980.3
21388.9
1009.66
106.093
13516
21156.8
3001.94
10890.2
2870.75
3698.05
20942.5
44.4219
149.402
15641.7
20977.1
3858.66
946.624
1728.67
20658.2
5905.86
677.709
18536.1
19927.7
17618
17633.9
21292.4
2703.28
5150.49
283.32
13436
96.9462
63.6872
17363.9
28.0122
19710.8
18177
33.5709
19690.1
7719.35
531.769
18703.6
13666.8
14832
217.231
281.625
56.1582
7466.82
20557.9
3646.21
140.002
47.0184
18037.1
17770.5
16266.7
12.4879
18486
15789.8
21005.1
2594.44
388.97
39.4683
10521.9
20490.2
5173.77
20762
90.1985
18092.5
18998.1
9935.35
1758.83
18686.3
13992.9
700.652
16550.9
201.114
19621.9
9880.63
14502.9
2747.34
795.623
14120.8
18291.5
19359
11308.1
18585.1
17479.5
21397.8
1801.13
70.9549
2.37782
84.6647
64.3903
20249.8
5314.19
97.0006
20572.4
4232.44
846.261
17561
10.424
94.5298
35.972
13511
455.522
18588.9
19407.5
13603.6
5246.25
863.288
9972.12
21108.9
2535.74
20223.1
4674.09
434.156
15974.1
19512.3
8670.08
2258.81
9250.7
18440
17178.1
108.792
16521.7
40.9811
4598.45
21033.2
59.5922
77.99
51.77
20056.3
6076.56
856.455
272.21
19663.6
10232.4
1409.49
18756.7
6956.14
852.244
44.7058
19883.8
8500.07
21011.6
1422.32
17617.2
16.4626
17583.4
4231.46
975.168
16298
13545.3
604.531
103.248
50.5348
19081.4
10969.7
18986.7
11317
1241.73
20119.6
5494.33
17393.2
7659.93
17850.5
19476.7
5240.66
177.352
443.647
14187.8
1505.43
257.97
21518.4
928.377
16.2918
19725.6
6499.11
21236.8
2062.52
12974.5
1362.42
20026.7
7513.38
410.083
18458.9
16697.7
16566
8562.9
17282.5
5964.84
21276.7
3589.18
19635.2
10199.4
14545.3
18621.7
17434.5
18119.3
17950.9
54.9764
63.9377
26.3284
20239.9
6453.84
424.537
41.7807
18946.3
11705.3
21302.7
2573.86
4546.58
19301.1
12886.8
18426.3
14990.9
6865.06
10746.6
19213.8
14053.8
11528.3
108.662
151.176
7839.65
153.614
43.034
17684.4
36.9147
17652.5
21447.6
335.413
40.8294
15990.4
49.6142
8840.92
559.728
20462.3
18148.7
8509.86
688.058
20209.6
5474.02
10772.7
16467.5
13828.5
14598.2
575.42
20894.6
4558.95
0.155378
21.3932
59.0433
21506.4
1365.08
215.379
18887.3
466.277
17369.1
19932.5
8910
73.4832
18136.3
19586.7
11199.6
19845.1
17430.5
3704.26
18940.2
11010.4
18682.8
19272.1
10205.3
19259.3
10957.7
315.632
18235
19835.9
7527.84
442.131
13879.8
17710.9
20001.4
6407.8
18052.4
18159.2
17939.3
20490.4
5.74621
22.9419
56.4441
18067
21348
176.858
11739.9
422.636
10105.4
85.4786
18143.4
21498.1
194.615
269.184
7529.47
19423.7
9872.36
2280.82
19020.7
12257
1182.67
13462.5
936.206
17304
21172.4
3146.39
8.04172
14412.5
19581.3
8343.86
20024.3
7347.22
741.559
20260.6
8443.84
19081.6
11347.3
165.355
10563.4
17654
21529.5
1366.1
20920.7
22.5966
80.1753
13613.2
2109.95
19514.3
8473.33
1151.12
5708.37
871.592
17245.8
20169.6
6031.19
18188.1
15344.5
164.499
17772.4
19455.5
11040.6
4864.14
1080.74
20750.2
3983.53
286.253
163.795
17319.8
19725.5
9346.14
8733.85
16730.4
18416.6
14681.4
18567.2
219.125
59.3949
20824.9
17106.4
18428.5
13656.4
9763.02
20001.9
103.74
11881.6
16451.2
257.81
61.6468
52.0448
42.2551
20885.4
4155.15
20215.6
5267.17
1110.77
19802.8
50.5446
20082.7
14173.7
18446.3
15539.4
18830.4
13711.2
18573.1
12142.5
3356.66
44.8424
20503.4
3310.51
19000.2
13159.9
18828.1
15949.8
82.2516
5.03197
59.5937
19588.1
9005.67
170.047
124.96
21651.4
20801.6
3299.05
18605.8
20030.1
5903.22
197.479
18442.4
20688.5
3259.08
18955
13698
254.908
6393.61
7.52805
65.5551
20275.3
20208.6
5945.57
0.261693
311.456
29.0052
196.097
18170.2
18872.6
9879.14
214.242
393.463
2465.95
17010.7
13425.6
662.399
18125.5
18676
77.673
18853
16125.8
58.6271
2203.4
421.881
4802.09
641.117
291.536
20068.3
8376.09
78.0849
34.1199
121.155
30.2643
0.0769596
87.0677
18263.6
21786
1064.27
18107
26.3935
14801.6
297.182
79.4337
15270.5
12515.8
17686.9
17868.4
8502.7
19340.2
18004.6
19517.4
20413.9
3880.81
16184.7
11827.2
1523.95
306.689
19813.5
9629.01
1771.14
523.787
19827.4
17350
18600.4
295.311
42.6306
20782.9
4237.36
16962.3
214.917
21427.2
20671
3794.93
395.495
13141.8
18919.8
11838.1
403.558
12494.1
223.706
57.2461
48.0942
19441.1
11069.7
7094.06
210.705
59.8853
179.716
17793.6
17699.9
10601.6
816.723
18908.3
14917.4
946.688
13.8292
7146.24
388.194
3526.52
1040.87
19411.7
10679.3
949.844
30.3941
18145.5
18081.3
20123
0.206383
3.94169
5.81659
7.47605e-06
0.0934598
31.9623
33.732
19509.1
9727.78
20008.1
9426.73
17717.5
21794.4
349.848
98.9591
170.816
4562.84
18582.5
17145
20780
4638.05
148.163
21099.3
20580.5
4036.82
958.721
2.59437
47.098
56.2801
21602.3
198.259
51.2667
19632.7
10042.8
19476.1
10126.2
134.228
61.9169
16129.4
444.584
21705.7
21231.2
28.654
361.416
116.726
165.927
106.13
54.2295
10694
18701
9970.25
11188.1
17039.9
8180.52
928.006
20170.8
7754.61
228.34
2.74226
0.0377465
41.0785
40.2305
18578.9
21283.4
2411.17
17946.8
21413
751.99
53.4614
16682
18012
17480.9
18912.8
8118.63
18181.8
18148.6
18517.3
5438.42
644.483
10398
322.622
19515.2
19036.7
12881.7
19150.2
18872.4
11659.9
668.768
7144.6
13.2704
18783.6
15173.7
8408.55
21265.2
131.304
44.1652
19902.5
30.1333
45.1364
22.4725
57.7489
17196
6361.97
17113.3
32.6234
18559.4
5140.08
19116.5
10294.3
16911.7
18486.9
18150
17905
20514.2
18.8368
55.8787
15778.1
19186.9
11003.3
1778.16
226.056
21476.8
1780.53
153.094
20599.1
3307.38
24.7122
54.9406
20209.8
5962.61
65.2739
26.8725
0.324032
0.115407
76.3682
19688
9856.71
12343.5
747.178
5207.29
19432.8
8874.86
2227.87
19472.8
8483.69
297.109
5.45161
108.506
5337.75
19453.9
9073.04
21247.2
1195.6
340.894
21366.5
285.79
31.2384
19688.7
10552.8
21482.7
842.43
274.729
19765.5
8481.35
19375.3
9475.71
1540.12
19177.9
10308.7
18379.5
28.0246
13.6187
154.713
21162.5
2459.17
239.725
146.402
20383.7
15541.2
21020.5
2835.63
17299.9
21000.8
4696.36
17766.3
17498.5
21181.4
13.0053
18922.7
9736.52
1767.67
192.661
18954.8
444.618
19742.3
20.1354
107.367
12187
2648.81
20970.7
3680.25
56.3239
