16379.1
15842.8
17276.4
21419.3
983.125
50.3242
63.0257
21.4039
60.7214
25.7307
16334.8
17342.2
18066.4
18549.1
16980.7
16436.5
17432
17955.4
17680
16252.6
18413.7
16731.1
18227
19097.9
16756.5
18636.5
17691.8
16790
17872.9
15420.2
17632.3
17652.2
17900.2
16416.2
18962.6
17539.6
17115.6
16263.3
18102.9
17170.5
17733.6
16290.8
18247.1
17546.1
16924.5
17436.4
18065.1
16387.5
17895.2
17431.9
17902.5
17520.8
17697.4
17809
17700.6
18161.9
18507.3
16544.3
16669.1
19347.9
17449.4
17731.7
18695.4
18186.5
19180.2
17697.1
17480.8
18134.2
18624.6
9428.6
17098
17245.2
16895.5
17213.6
17471.2
16823
17249.1
20783.9
3267.37
17204.5
17463.9
17140.3
20466.4
19344.5
17497.4
16321.7
16912.7
16083.3
17802.6
1638.65
1142.4
17093.3
17680.2
17703.1
18232.9
17010.8
17717.5
18570.6
16234.8
17244.3
17621.1
16958.4
17303.5
17193.8
18127.9
18099.3
3920.6
25033.3
17359.8
19171.5
17966
16903.3
17681.7
16374.2
17563.2
15773
17759.4
17481.3
17111.7
17541.4
16518.9
17795
18495.5
17772
18013.6
18343.6
16962.5
16193.1
17269.7
17334.9
18198.9
18758.6
17918.6
16739.8
16530.5
16786.2
20465.6
4816.23
1309.03
17992.8
16695.5
16534.5
4969.4
525.486
18291.6
18678.5
18769.7
18896.9
17582.5
17229.3
18010.8
17940.4
20216.7
170.84
20.3136
0.0140233
66.8621
17142.8
17719.9
16965.2
17346.4
17840.2
17498.5
18537.4
17003.9
17613.7
16845.9
17081.1
17692.3
17645.2
17799
17271.7
17660.8
17600.2
16810.3
16555
16480.2
16449.2
17592.9
17953.3
17905.4
17047.5
17979.7
17530.5
17479.8
16791.5
16689
17845.4
17249.5
18371.2
17124.5
16614.1
18621.6
385.019
19207.2
17375
17314.2
16608.6
17469.8
18897.7
18859.5
17354.7
18445.8
19130.6
18457.8
18358
2302.93
16426
17104.6
17381.6
16865.9
17676.4
16866
17923
17033.4
17901.5
16553.1
17067.5
16772.7
17535.9
17783.2
18436.8
18254.7
17169.6
16911.5
18227.6
17056.1
16679.5
17624.7
18897.6
17125.2
19745.1
17986.1
18020.7
17600
18652.5
18369.7
17116.1
17811.9
17359.9
17729
17364.5
17095
17433.8
17072
17751.7
16602.7
17906
17151.3
17975
18102.8
16918.2
17274.7
16139.5
19988.3
16099.1
17005.7
17682.6
17640.1
16950.8
18666.9
13201.8
16909.1
18126.5
17599.5
16881.6
18286.6
17214.3
16974.8
16790.5
17207.7
18439
16840.1
18068.7
19252.3
18263.6
17307.2
17522.1
20397.1
18531.1
17533.7
18668.7
17496.9
17991.9
16830.4
16866.9
18578.9
16494.3
18631.2
19413.6
16498.8
18713.2
17856.9
16838.6
18944.3
17960.9
16607.4
18262.7
18058.3
18062
17146.4
18230.7
16508.9
17404.4
18813.7
17181
18098.3
18352.9
16086.5
17422.4
17555.6
17568.3
17910.6
16995
17593.8
18135.8
16625.9
18537.3
17415.8
18431.6
17057.5
17773.8
17661.2
18415
18151.9
17831.5
17086.8
16751.1
17225.3
18103.3
18835.6
16877.8
16342.5
18503.1
17152.4
18047
16398.2
17558.1
16578.9
16853
17403.8
17094.1
16680.8
17434.2
17874.2
17585.4
17224.8
17604.8
17458.9
18041.5
18319.1
17378.3
17379.9
17092.7
18599.4
17125.5
17484.7
17268.3
18583.9
17980.2
17076.4
16852.3
17246.2
16130.8
16491.8
17163
18312.1
17374.7
17423.3
16520.9
16662.1
17023.2
17074.1
16626
17921.8
19276.4
94.1547
137.802
16740.9
533.365
14441.9
17290.6
17258
15938.7
17329.8
20139.3
5393.35
18106.5
17358
18117.3
17014.1
17515.9
16523.8
18010.6
6651.92
16791.1
16933.2
20290.4
7566.12
17845
17176.7
17724.9
17609.9
20364.4
4756.11
18061.9
18081.3
17526.3
17513.7
16684.7
17853.4
19278.8
18088.4
16423.1
17774.5
16157
18363.8
18961.7
17972.9
19014.9
19562.5
16888.9
17382.8
17167.7
17497.3
17886.2
16684.5
16591.7
18189.6
16695.4
17001.4
17591.8
17938.4
17009.5
19084
17979.6
16584.7
16935.2
18028
17641.2
17172.5
17991.9
17668.6
18407.3
17266.6
19166.5
17800.7
19159.4
17538.2
16503.6
16989.2
17948.7
17811.6
17104.8
17515.2
18045.3
18613.7
16549
17907.3
17621
17969.6
17385.4
17430.8
17737.2
17668.8
17688.6
17522.1
18213.7
17716.5
17047.4
17968.1
17892.3
1321.07
1641.47
18427.8
16689.1
16230.9
1011.98
17095.5
17317.9
18385.9
17028.5
17727.9
17660.5
16587.8
17204.3
17000.3
17214.9
17118.3
17807
18944.3
18136.1
17374
17051.9
17615.8
18372
20422.4
16494.7
17600.6
17646.9
18942.6
16834.1
17075.4
18666.7
18564.2
17267.2
16498.3
18067.3
18473.1
18615.9
17265.9
16951.8
17482
17525.7
16480.4
18626.1
17005.5
18426.3
17044.9
18245.5
16780.5
17993.9
18000.4
17459.2
19526.9
18122.8
17518.9
18743.8
16972.3
17674.3
18617.4
17410.5
17413.7
17164.7
16970.9
17629.6
17223.9
18453.2
19125.8
19088.6
16479.6
17191.3
17435.9
16609.8
16409.3
16951.5
18911.8
18197.7
18211.4
18924.3
18881.4
19372.3
17216.6
19251.1
16748.5
16231.1
18997.9
17980.1
17685.4
18173.1
18577.1
16492.6
17776.2
16760.9
18768.6
17516.1
17215.9
17016.1
18661.2
17053
17140.5
18144.5
17030.3
16974.4
18723.1
20291.1
0.0322186
77.184
13628.4
35.059
64.4786
29.1452
17373
16610.3
19064.2
18164.3
16536.6
18388.3
17799.5
16482.1
17463.6
17809.5
17987.4
17530.7
19038.7
16973.6
17585.2
18016.9
18901.7
18653.6
17506.2
16461
18664.8
17605.6
18174.8
18374.4
17016.6
17347.8
16833.2
18416.6
19145.7
17833
16945.1
16599.3
18443.6
18077.3
17285.6
17263.5
17571.6
17459.7
16952.5
18536.1
17137.9
16507.7
19269.9
20388.1
16397.4
17057.9
17254.6
17680
17824.9
17313.2
17030.2
17703.5
16692.6
18325.3
17482.4
17832
18067.7
17277.1
17869.9
17104.5
17610.5
16375.2
17135.2
17211.8
17907.6
16988.9
7978.72
17218.7
18096.9
20512.6
63.7146
16310
17168
18340.2
17093.2
16836.6
17133.1
16819.8
17458.8
19235.8
17036.7
18276.7
18070.8
16453.3
18277.4
21570.5
642.335
19931.1
6719.78
77.6595
34.8311
19160.4
16635.1
16919.7
17067.2
16032.8
17781.5
17595.4
19030.5
18145.1
17753.3
17473
17401.7
17797.4
17854.9
18161.2
18552.5
17812.2
17545.4
16492.1
18375.9
17395
16088.7
16795.9
18013.9
16767.2
17755.2
17238.7
16404.7
18167.2
17772.8
18204.7
17265.7
17309.5
18225.6
18208.6
17569.1
16767
17931.8
17528.9
17369.9
17325.8
18199.7
16635.2
17401.9
17933
17021.4
16945.9
17517.5
18811
17794.7
17645.7
231.375
17072.2
17539.4
16522.1
17142.1
16827.3
16575.8
18094.8
3859.47
18835.7
15580.7
16807.3
17366.6
18076.9
17863.5
17804.9
19024.4
19033.1
17145.5
18895.5
17012.2
6845.62
17373.3
214.874
15.7755
4.76781
104.425
18832.4
18339.2
17432.4
17766.6
17358.1
18292.7
17767.8
17252.3
18851.7
17698.5
17440.4
17533.2
17724.8
16677.6
18137.5
17317.3
17480
17084.3
16218.8
18444.9
17387.1
16767
16862.7
18159.7
18615.3
17569.2
20055.2
17401.3
18977.7
17295.7
18136
17541.4
17838.5
207.065
17697.6
16627
17946.1
17613.1
17062.8
17714.8
16941.3
17926.6
17755.5
18343
17450.2
17223.2
18498.9
18107.4
18087.3
18304.3
17018.3
17372.9
19164.7
17497.3
17991.4
17199.9
17134.3
17722.4
17926.2
16926.6
17021
16755.9
18341.6
17122.3
18130.5
17528.5
17335.5
17579.2
16690.3
18348.7
17298.5
18216
17696.8
18312.8
16520.7
17147
16952.8
16471.7
17464
17498.1
16858.5
16814.2
18922.4
17312
18729.2
16715.2
17740.7
16972.8
17588.6
18869.9
3592.56
885.563
17160.8
5946.85
1147.47
17970.5
17838.7
18279.2
17822.9
16502.9
16711.7
19059.6
19152.3
16563.8
18315.3
18238.2
17652.2
17543.6
16645
18325.9
17613.6
17155.7
17787.5
16743.6
18502
19192.8
17108.3
16743.5
17069.5
19934.7
17892
16940.8
16420
17791.1
17243.9
17593.4
17003.3
17395.5
18003.6
16242.3
18114.6
18440.9
17445.8
17806.4
17677.1
16810.9
16501.1
15230.2
17639
17279.7
17443.2
17010
17055.7
18166.7
18685.8
16538.4
20429.7
5301.51
486.244
17280.8
20475.9
18613
18860.4
17642.9
17180.3
16994.3
17543.8
17722.3
17084.2
17828.2
20107.7
7855.57
17691.7
17273.9
17609.7
17164.7
17856.7
18433.9
17423.4
18717.4
11474.3
1376.4
18833.5
17205.8
17781
18570.5
18811.3
18220.8
17262.5
18669.6
17713.7
17391.3
17821.4
18544.5
18443.9
18869.8
17450
17621.7
16684.3
18028
17429.1
18250.9
18746.1
6514.21
10413.8
17850.4
17163.2
17167.3
16308
16060.4
18581.7
17750
18821.1
16359.3
17567.4
17740.4
16225.9
16844.6
18553.2
19824
7000.63
16376.8
17769
17022.3
18192.1
17487.4
18040.7
19178.8
17216.7
19249.6
8708.07
2007.27
688.219
17979.9
18181.3
19326.8
17928.2
18488.9
16793.3
18725.7
18837.9
17425.7
372.797
1579.45
18168.5
16788.7
16320.7
17617.4
17646.6
17317.7
16938.3
17880
18274.9
18352
19125.9
17559.9
17439.3
17291.6
17078.3
17913.5
18540.7
18260
16807.7
18552.1
17342.7
21726.5
760.948
36.8039
17505.4
19232.6
16910.1
17327.9
17649.2
18218.7
17424.6
17092.3
17860.3
16987.7
18930.6
17710.2
18461.4
18401.2
16870.8
17920
16367.6
17123.5
19358.4
17360.1
18682.3
16943
16790.1
18976.4
16909.7
17053.3
18170.6
17116.2
17301
18667.7
18483.5
17695.2
16866
17634.7
17977.9
17167
17880.6
17063.3
17075
17194.2
18153.7
18190.5
16976.8
17381.1
16914.8
17569
18087.7
19948
16863.7
17513.7
18561.4
17745.2
16788.6
17899.4
19048.1
17597.1
17335.4
17328.7
19185.8
17533.7
17723.3
16358.6
17060.1
18975.5
17749
17792.9
16937.1
17510.4
17680.6
16622.7
16852.1
16539.1
17156
17037.6
17808.6
17671.9
18089.1
17680.3
17467.4
17643.3
17665.6
16638.2
18247.9
17776.2
17744.7
17388
16899.6
17636.6
17611.7
17795.9
17450.4
17625.6
17571.1
16916.6
17575.8
17884.3
17762
18163.7
17585
17474.4
18330.2
17979.8
17119.6
16510.8
17393.4
17372.3
17453.6
18360.2
17601
18355.2
17763.6
17061.4
17952.7
19585.3
18.7333
19014.5
16894.1
17490.4
16957.8
18338.6
16742.9
18247.8
18698
17311.1
18685.1
16407.8
140.29
4.74814
45.3267
83.4589
18386.5
14080.4
975.773
43.1835
5.34754
35.8679
97.032
23.9207
18373.5
2905.43
977.01
18028.9
17748.8
19943.4
17004.2
17157.1
17953.9
17770
16400.8
18548.8
18089.2
18103.6
17783.2
17716
16926.6
16818
17695.9
18303.6
17472.4
18123.3
18295.3
17381.7
17824.6
18589.1
17205.1
16616.6
20462.4
5865.85
1655.54
16915.8
18835.4
17624.4
18001.3
17059.7
16672
18040.2
18366.3
17597.9
17293
18304.2
17315.8
17916.9
17930.4
18057.1
17668.7
17715.7
16080.4
19387.9
16547.7
18298.9
17017.8
17538
16872.7
20583.2
5042.62
17167.4
18426.4
17238.3
17460.5
18132.8
17429.1
17723.5
17669.1
18300.7
18383.2
17002.9
19513.5
19549.8
17103.7
19131.2
16555.9
17808.5
18296.4
17752.2
17754.3
17533.5
4342.25
23703.6
16508.9
17614.6
17570.2
17516.1
16378.3
18784.8
19312.3
17823.1
17051.2
17563.3
19142.1
18953
19385.1
16631.9
18000.8
18356.8
18189
17241.2
16959.5
17073.7
17629
19061.9
17176.3
17821.5
18543.7
17198.4
17791.2
18304.5
17596.3
18521.1
19107.1
17836.6
19257.3
17390.1
18059.9
16583.5
19215.2
17178.3
18999.7
17063.3
18060
16600.9
17723.2
17582.4
14078
867.93
19105.3
18206.8
19234.7
17217.6
18850.5
18515.3
17674.1
16559.5
16493.1
17671.9
18503.4
18277.8
18249.7
18873.4
18560
17818.7
16559.3
17331.7
18791.8
17466.5
16995.2
17641
16924.1
16657.5
17400.2
17327.9
18809.3
16985.4
16246.7
17682.3
18113.1
18385.6
16410.1
20906.7
3210.14
11.1328
166.215
17515.3
16814.2
16961.5
17013.6
18146.1
17007.7
20238.9
6636.6
751.845
113.06
20210.3
19038.1
16157.5
17912.9
16666.7
16568.4
17112.3
16998
17662.5
18313
17305.2
17616.8
16510.2
19090.8
17302
17899.1
17813
18820
17869.6
17762.8
18537.1
18414.2
19400.8
16961.2
16156.3
17610.1
17466.8
17471.3
17485.3
17269.6
17204
17619.1
18452.9
14256.9
4264.29
16804.4
16795.3
17284.2
17264.9
18879.3
17837.3
16789.2
18728.1
17975.7
17565.6
17144.7
17940.3
17440.1
16974
19075.6
18257.4
17971.9
16449.8
20834.8
4254.16
17426.1
16180.8
17834.6
19173.6
16334.6
18389.7
16400.3
17275
17204.3
18044.4
18428.1
942.248
3349.6
17397.1
17043.7
18880.9
17067.2
16622.8
18198.5
19203.7
18404.4
17863.4
18302.5
16978.8
18207.9
17092
16360.4
19108.3
17302.8
18329.1
17870.5
17702
15980.1
16459.3
19297.8
12124.5
1841.29
17923.6
16313.1
17838.1
16997.8
17421.9
18155
17888.5
17097.6
17600.7
17451.6
17838.8
16549.9
18040.3
16904.8
17869.1
17277.7
18096.9
17448.8
19374.3
17407.5
17154.5
17280.4
17316.2
16372.8
17695.8
17835.4
15965
18096.6
18492.3
18168.9
18390.1
18198.9
17906.1
17547.9
18045.1
16686.1
17740.2
17910.4
18102.9
17260.5
17503
16951.1
18252.7
18445.5
18133.5
16999.3
17713.6
17446.1
15714.2
18868.4
16257.3
17147.8
19135
17844.3
17184.6
17577.8
17111.8
17262.9
17159.3
18575.9
17083
16336.5
18250.9
17816.7
17393.6
17369.3
17918.2
17015.4
16509.2
18042.2
15972
18009.6
17811
17252
17868.5
17243.1
18723.2
17017.9
17257.3
18026
19576.1
17959.3
18889.4
17346.8
16946.5
17160.7
16205.5
18153.1
18289.7
17618.3
16415.7
19976.7
9562.65
55.2696
17129.1
19214.1
10034.7
1048.08
17627.9
16774.7
16974
17861.4
17087
16544.8
17673.9
17357.8
17339.2
17730.1
17058.3
17279.7
18054.6
17176.4
17173.4
18467.1
17463.6
18756.8
16487.3
81.9017
16905.3
17623.7
17310.7
17255.3
17819.3
17570
18287.4
17375.4
18413.4
17822.7
17350.5
18598.7
19171.6
17147.4
16653.4
18211.2
18127.9
17147.8
19234.1
18618.1
17733.1
18078.5
19684.8
17544.7
17527.4
17537
17534.5
16943.9
18481.8
17194.4
18216.5
18121.9
17618.5
17578.7
17761.2
17122.4
3382.13
1040.63
18306.7
16903.7
17687.1
17786.1
18027.6
16641.6
17217.8
16941.7
18438.6
17129.1
17823.8
16938.7
16838.3
16816.6
16205.5
16661.4
17288.9
18638.6
17919
16532.9
16935.3
16991.8
17767.4
17850.1
18320.3
17666.3
16820.5
17529.8
18767.3
17969.6
17584.9
16791.1
17258.6
17251.8
17418
18919.2
17608.6
18230.1
17899.8
17963.5
18426.9
17802.7
17418.8
18444.7
17705.2
17557.7
17560.4
20731.9
18427.1
16904.4
16716.6
17376.6
18457.7
16688.7
17178.6
16237.4
17702
18375.8
18042.9
16888.5
18263.9
17706
16903.4
17532
17611.7
17804.5
16750.9
17377.6
17638.4
17246.4
17484.3
666.883
591.049
17402.7
18048
17393.8
17543.8
17109.4
17649.3
19184.6
16759.7
18269.2
17201.5
16651.5
18069.7
16436.3
16473.5
2701.17
21557.5
2927.58
19421.9
18548.8
18600
16630.9
18702.2
17140.3
17511.8
17299.7
17802.3
19400
17826.1
19803.9
18396.6
17133.6
16257.3
17980.9
16699.3
18997.5
17220.3
17898.5
16731.9
16806.5
17976.8
17359.2
16904.6
17956.9
17384.4
17011.7
17797.7
17845
17218
17575.1
16070.5
18620.1
18378.1
17343.5
17561.7
17542.5
18776.8
17267.5
16733.8
17379.4
17235.2
18159.2
17572.4
19486
16993.6
17075.2
17298
18121.4
7949.96
2077.13
17131.4
16820.2
16876.5
18009.1
16286
16869.7
19102.4
17645.2
17533.3
18900.2
17492.2
16692.7
18980.1
17541.2
17147.3
18112.2
18709.5
17499
17281
17811.4
18294.9
17390.7
18725.1
12521.2
226.121
16955.2
18419.6
18227.8
17041.4
16290.8
17922.2
16902.2
18309.7
18546.8
18007.2
17613.2
17179.7
12553.5
947.785
19095.6
12713
19185.3
17184.1
16642.1
18409.2
17003.7
17418.6
18382.1
16898.2
17424.5
17169.1
17198.7
17101.8
19265.3
18460.5
18058
16619.5
17303
17720.9
18668.8
17960.3
16385.7
16701.8
18011.6
17877.7
18568.2
18182.6
17602.1
17970.8
17822.2
17880.5
17410.3
16826.8
17601.1
17712.3
18175.5
19213.3
17871.1
17083
18548.5
18430.1
16799.4
16978.1
17658.2
19206.3
16664.2
17776
18711.4
17421.2
18671.4
17173.8
17789.9
16746.2
16307.7
17871.6
17471.3
17264
18273.9
17332.9
17714.5
18138.1
17640.8
17366.5
16800.1
17126.5
17172
18012.4
17281.5
18175.9
16882.3
16639
18724.9
18915.1
17445.5
17157.6
18878.4
17710.7
16895.8
20051.9
6260.66
1364.58
18340.1
17462.9
16393.8
17725.6
18833.1
17460.4
18225.9
17086.6
17623.6
18154.7
17764.1
17971.5
18342.5
17547.4
17078.5
17571.6
18455.7
18672.2
18262
17451
17881.4
18203.2
17650
17915.3
18084
18176.3
17657.5
16752.9
